72 26 1 7 10 1
98 64 1 74 67 1
43 87 1 90 38 1
48 73 1 9 60 1
36 41 1 44 69 1
18 37 1 41 30 1
26 77 1 63 99 1
23 17 1 17 33 1
70 16 1 88 19 1
63 14 1 85 13 1
88 16 1 96 20 1
88 33 1 36 3 1
42 58 1 75 29 1
57 40 1 14 41 1
22 1 1 43 13 1
65 99 1 67 71 1
3 5 1 3 63 1
51 62 1 77 27 1
97 71 1 89 68 1
42 89 1 19 92 1
49 77 1 9 71 1
68 96 1 84 85 1
76 16 1 80 16 1
43 100 1 59 98 1
4 92 1 4 5 1
5 87 1 16 78 1
99 16 1 97 2 1
37 34 1 49 30 1
48 67 1 68 52 1
85 40 1 60 66 1
29 32 1 11 39 1
77 6 1 47 7 1
36 44 1 31 42 1
34 59 1 32 65 1