53 28 1 6 98 1
17 26 1 20 13 1
30 56 1 28 6 1
66 67 1 100 60 1
66 100 1 43 64 1
69 72 1 65 70 1
57 2 1 71 52 1
97 47 1 94 2 1
50 34 1 65 81 1
52 11 1 74 64 1
19 80 1 24 80 1
67 9 1 79 60 1
66 95 1 92 98 1
52 83 1 14 93 1
38 50 1 9 78 1
67 47 1 58 7 1
12 64 1 12 55 1
90 93 1 100 83 1
4 13 1 22 59 1
86 63 1 97 84 1
5 39 1 16 53 1
84 47 1 91 27 1
36 67 1 44 78 1
86 6 1 78 48 1
95 61 1 84 55 1
80 29 1 80 18 1
33 37 1 40 30 1
51 5 1 49 14 1
72 32 1 68 18 1
86 27 1 83 54 1
66 64 1 60 55 1
25 57 1 12 19 1
49 10 1 45 3 1
22 5 1 21 25 1
26 45 1 10 15 1
84 2 1 77 8 1
99 48 1 97 13 1