82 31 1 85 43 1
28 20 1 52 97 1
30 81 1 18 53 1
41 59 1 93 92 1
36 24 1 89 53 1
62 88 1 57 89 1
52 48 1 98 64 1
20 39 1 24 18 1
5 14 1 7 71 1
80 29 1 73 43 1
37 11 1 13 17 1
58 97 1 61 94 1
24 72 1 10 63 1
29 65 1 26 62 1
29 76 1 7 29 1
57 42 1 39 53 1
31 5 1 68 33 1
35 58 1 37 93 1
95 56 1 72 2 1
56 100 1 47 71 1
8 91 1 4 62 1
33 99 1 6 93 1
36 27 1 48 32 1
67 31 1 69 25 1
31 69 1 27 33 1
71 63 1 69 63 1
25 92 1 29 96 1
23 95 1 29 80 1
71 66 1 82 62 1
10 71 1 15 86 1