94 1 1 41 53 1
22 38 1 78 87 1
31 76 1 28 73 1
62 73 1 30 45 1
91 51 1 76 74 1
79 1 1 63 10 1
32 86 1 32 81 1
78 15 1 18 36 1
9 71 1 7 38 1
10 35 1 37 14 1
12 81 1 7 98 1
57 19 1 27 2 1
20 54 1 35 56 1
94 16 1 70 54 1
32 77 1 59 83 1
3 82 1 24 61 1
52 56 1 53 65 1
72 27 1 77 20 1
26 43 1 70 88 1
48 45 1 91 3 1
100 77 1 71 98 1
32 75 1 34 75 1
14 93 1 60 88 1
71 39 1 56 40 1
40 44 1 54 32 1
21 54 1 34 55 1
85 86 1 83 80 1
81 69 1 82 72 1
81 39 1 61 71 1
91 23 1 99 6 1
100 71 1 98 40 1
39 78 1 21 56 1
56 3 1 63 20 1
93 23 1 96 73 1
3 33 1 2 52 1
90 47 1 81 57 1