70 86 1 98 41 1
85 44 1 6 72 1
100 29 1 63 93 1
54 11 1 50 24 1
58 36 1 34 24 1
42 17 1 37 13 1
9 70 1 28 30 1
60 41 1 80 15 1
2 89 1 62 74 1
48 55 1 47 46 1
34 26 1 7 9 1
63 13 1 99 3 1
68 99 1 96 78 1
26 12 1 32 23 1
80 3 1 36 10 1
42 61 1 67 54 1
40 91 1 24 88 1
68 89 1 88 57 1
41 46 1 31 44 1
1 22 1 6 12 1
98 81 1 92 97 1
90 79 1 75 86 1
53 72 1 64 55 1
64 27 1 54 8 1
22 70 1 8 73 1
69 78 1 63 81 1
32 100 1 24 94 1
22 60 1 45 53 1
84 29 1 86 13 1
49 46 1 38 38 1
75 51 1 74 63 1
37 89 1 75 68 1
83 58 1 100 27 1