36 25 1 7 28 1
7 37 1 48 31 1
60 48 1 94 89 1
58 83 1 36 79 1
26 11 1 6 20 1
99 29 1 65 35 1
73 87 1 53 84 1
96 9 1 39 51 1
41 32 1 48 23 1
83 97 1 34 99 1
11 88 1 8 40 1
42 59 1 74 81 1
93 63 1 90 78 1
30 2 1 28 19 1
27 53 1 85 8 1
84 92 1 71 93 1
94 95 1 69 65 1
63 13 1 44 19 1
12 76 1 62 36 1
63 67 1 68 75 1
3 46 1 3 92 1
18 55 1 11 71 1
4 82 1 6 11 1
42 54 1 45 52 1
53 45 1 65 59 1
73 84 1 69 82 1
36 87 1 30 72 1
29 94 1 3 96 1
87 92 1 76 77 1
3 23 1 2 16 1
27 5 1 2 10 1
100 99 1 53 47 1
37 90 1 61 90 1
77 19 1 35 48 1
86 92 1 77 94 1
86 66 1 83 62 1
85 73 1 78 59 1
42 88 1 21 87 1
28 20 1 77 4 1