40 75 1 18 19 1
79 59 1 98 44 1
9 69 1 11 27 1
8 84 1 53 91 1
89 3 1 62 37 1
70 64 1 94 60 1
5 2 1 65 5 1
6 88 1 1 28 1
70 57 1 68 38 1
87 36 1 73 32 1
46 77 1 29 77 1
100 89 1 53 99 1
18 55 1 24 44 1
53 54 1 58 41 1
50 20 1 45 52 1
79 85 1 61 48 1
77 6 1 31 9 1
95 81 1 95 75 1
51 55 1 61 69 1
80 100 1 95 95 1
58 84 1 41 84 1
45 66 1 58 29 1
3 42 1 13 14 1
84 74 1 95 61 1
12 76 1 67 85 1
25 95 1 43 99 1
55 53 1 81 89 1
16 63 1 18 68 1
89 91 1 86 77 1
77 55 1 80 45 1
44 66 1 54 27 1
47 8 1 41 13 1