84 39 1 58 97 1
52 49 1 16 40 1
5 89 1 10 74 1
30 74 1 51 69 1
46 77 1 33 94 1
46 45 1 68 13 1
49 46 1 60 33 1
98 60 1 86 46 1
63 18 1 9 34 1
18 19 1 40 2 1
94 25 1 34 98 1
89 1 1 78 28 1
17 62 1 6 71 1
24 80 1 73 30 1
22 78 1 27 74 1
28 59 1 3 94 1
60 15 1 15 27 1
4 12 1 5 17 1
57 19 1 77 8 1
4 29 1 18 2 1
30 70 1 28 54 1
82 44 1 70 71 1
8 56 1 2 43 1
28 66 1 24 72 1
68 40 1 90 20 1
68 52 1 95 16 1
19 12 1 10 23 1
4 97 1 48 55 1
6 67 1 20 55 1
98 100 1 84 73 1
33 30 1 33 36 1
78 95 1 86 60 1
74 30 1 63 46 1
67 83 1 87 35 1
17 38 1 4 36 1