47 81 1 10 33 1
75 29 1 5 24 1
86 66 1 48 70 1
73 3 1 18 16 1
24 79 1 24 76 1
48 64 1 44 70 1
76 11 1 21 25 1
24 98 1 67 70 1
83 65 1 84 59 1
49 89 1 75 98 1
51 43 1 53 43 1
66 25 1 35 23 1
95 51 1 76 98 1
78 84 1 80 77 1
36 45 1 39 41 1
28 28 1 24 37 1
14 67 1 5 90 1
100 65 1 87 19 1
77 84 1 82 71 1
73 33 1 92 49 1
40 95 1 96 100 1
57 2 1 51 3 1
80 44 1 35 29 1
14 49 1 12 58 1
23 80 1 20 59 1
20 95 1 21 100 1
14 35 1 83 50 1
7 10 1 71 3 1
25 34 1 11 34 1
55 8 1 99 13 1
69 68 1 50 73 1