29 72 1 24 95 1
63 40 1 78 88 1
84 32 1 89 66 1
74 75 1 74 45 1
59 41 1 32 17 1
54 53 1 39 74 1
94 33 1 90 92 1
59 25 1 46 8 1
34 89 1 65 89 1
21 92 1 19 42 1
65 3 1 91 9 1
6 66 1 8 55 1
22 62 1 46 82 1
84 23 1 90 36 1
17 41 1 44 41 1
71 6 1 48 83 1
8 86 1 5 59 1
50 41 1 30 34 1
90 53 1 90 78 1
10 100 1 10 28 1
58 43 1 27 22 1
31 20 1 42 30 1
85 53 1 73 41 1
86 69 1 69 34 1
48 4 1 32 15 1
37 57 1 36 63 1
5 9 1 37 1 1
8 61 1 10 22 1
71 93 1 34 95 1
77 12 1 84 48 1
43 54 1 26 48 1
14 44 1 12 62 1
61 25 1 68 13 1
24 7 1 14 16 1
48 19 1 45 21 1
94 34 1 96 63 1
91 41 1 95 26 1
25 27 1 34 3 1