33 83 1 76 20 1
94 56 1 17 92 1
32 82 1 22 66 1
78 33 1 76 56 1
84 17 1 6 21 1
18 94 1 86 80 1
98 2 1 94 24 1
69 40 1 88 24 1
45 41 1 19 31 1
98 90 1 81 70 1
39 35 1 11 23 1
73 79 1 56 83 1
87 93 1 29 92 1
43 15 1 1 10 1
10 71 1 40 47 1
18 91 1 9 73 1
41 44 1 11 66 1
73 36 1 81 26 1
19 48 1 22 52 1
22 86 1 5 67 1
4 53 1 5 53 1
14 25 1 23 52 1
9 44 1 14 27 1
28 10 1 12 3 1
71 47 1 57 67 1
98 95 1 20 96 1
64 3 1 82 6 1
49 29 1 64 31 1
26 42 1 23 48 1
21 65 1 32 58 1
46 43 1 45 48 1
13 100 1 9 83 1
24 23 1 33 24 1
80 9 1 100 31 1
47 44 1 54 51 1
86 38 1 84 28 1
35 1 1 38 10 1
17 53 1 4 39 1
64 18 1 68 10 1
10 41 1 20 52 1
47 15 1 45 3 1
25 54 1 8 66 1
33 74 1 28 68 1