55 39 1 21 94 1
5 22 1 97 7 1
30 44 1 67 14 1
26 87 1 41 65 1
68 74 1 55 26 1
6 85 1 4 23 1
18 33 1 48 18 1
68 67 1 74 44 1
89 100 1 78 20 1
30 83 1 63 64 1
1 98 1 3 54 1
20 54 1 17 23 1
89 61 1 86 74 1
44 34 1 17 78 1
54 25 1 45 38 1
55 67 1 34 80 1
10 10 1 51 7 1
31 60 1 41 44 1
81 88 1 45 76 1
9 99 1 31 36 1
50 49 1 60 52 1
2 36 1 2 8 1
36 94 1 32 91 1
31 30 1 53 20 1
34 73 1 19 99 1
45 97 1 23 99 1
33 88 1 30 86 1
76 30 1 74 29 1
79 74 1 51 76 1
77 38 1 83 76 1
12 86 1 11 86 1
17 74 1 8 28 1
72 34 1 59 32 1
38 60 1 20 80 1
29 40 1 17 73 1
69 41 1 77 40 1
37 6 1 78 2 1
49 79 1 66 85 1
14 83 1 7 72 1
82 73 1 84 86 1
25 47 1 26 32 1
16 19 1 65 6 1
16 61 1 14 27 1
85 51 1 85 45 1
56 16 1 38 18 1
100 33 1 86 14 1
80 2 1 67 8 1
51 92 1 42 80 1