18 34 1 74 82 1
13 98 1 44 98 1
66 70 1 58 67 1
75 59 1 33 33 1
6 30 1 37 85 1
53 15 1 61 45 1
43 34 1 17 1 1
94 46 1 64 72 1
80 31 1 72 1 1
49 14 1 44 1 1
8 36 1 13 68 1
86 31 1 87 19 1
75 96 1 43 67 1
87 31 1 76 49 1
16 19 1 67 64 1
32 28 1 30 28 1
78 69 1 82 86 1
52 49 1 64 59 1
97 14 1 78 22 1
30 52 1 42 92 1
16 37 1 9 6 1
90 93 1 98 75 1
82 81 1 78 66 1
1 41 1 4 68 1
87 97 1 48 99 1
17 73 1 15 97 1
34 97 1 23 63 1
87 37 1 98 51 1
90 25 1 98 16 1
8 100 1 3 20 1
5 24 1 16 38 1
55 28 1 28 8 1
64 98 1 34 96 1
57 33 1 42 22 1
72 4 1 58 22 1
20 45 1 11 7 1
12 65 1 8 98 1
22 81 1 18 88 1
92 58 1 78 65 1
48 80 1 41 87 1
29 7 1 19 3 1
35 63 1 60 74 1
20 77 1 8 35 1
63 31 1 47 3 1