75 87 1 96 94 1
8 87 1 55 56 1
52 32 1 17 76 1
99 63 1 58 91 1
36 67 1 67 27 1
14 55 1 14 69 1
74 9 1 77 50 1
62 22 1 69 13 1
9 2 1 59 3 1
33 8 1 42 7 1
33 36 1 83 1 1
10 41 1 19 66 1
13 87 1 90 68 1
63 100 1 76 99 1
65 48 1 73 30 1
90 44 1 94 8 1
86 56 1 56 61 1
48 86 1 54 99 1
16 51 1 2 1 1
83 54 1 81 26 1
11 56 1 4 98 1
49 18 1 16 6 1
85 61 1 89 68 1
40 66 1 69 50 1
94 47 1 94 35 1
57 3 1 27 7 1
69 83 1 42 83 1
27 67 1 56 41 1
39 83 1 38 96 1
98 54 1 94 10 1
37 43 1 9 8 1
56 11 1 71 9 1
45 31 1 53 23 1
39 92 1 47 96 1
54 36 1 48 42 1
95 1 1 88 36 1
49 85 1 42 90 1
76 45 1 73 57 1
93 22 1 95 34 1
10 49 1 3 67 1
64 63 1 79 69 1
43 32 1 62 26 1
45 37 1 27 59 1
90 21 1 84 5 1
67 32 1 74 15 1
16 71 1 28 59 1