88 33 1 58 48 1
76 24 1 46 55 1
58 13 1 29 16 1
67 16 1 58 2 1
33 34 1 98 9 1
32 61 1 22 52 1
2 75 1 5 43 1
33 58 1 79 64 1
7 94 1 69 66 1
37 41 1 31 43 1
62 77 1 98 77 1
27 90 1 57 81 1
61 30 1 77 23 1
11 59 1 27 2 1
25 98 1 56 87 1
59 98 1 100 79 1
48 77 1 79 80 1
46 34 1 31 40 1
29 72 1 9 77 1
27 10 1 16 54 1
2 31 1 10 13 1
78 78 1 83 84 1
81 21 1 44 41 1
53 21 1 67 20 1
10 66 1 34 69 1
63 99 1 78 91 1
70 39 1 75 39 1
35 71 1 35 78 1
14 28 1 9 50 1
95 28 1 93 44 1
86 48 1 64 62 1
31 61 1 45 68 1
59 50 1 70 47 1
32 99 1 9 96 1
96 67 1 80 64 1
25 42 1 28 28 1
54 14 1 29 36 1
54 23 1 48 27 1
9 45 1 7 82 1
19 48 1 37 61 1
75 17 1 74 17 1
53 7 1 56 7 1
76 32 1 97 23 1
74 9 1 89 8 1
17 25 1 23 10 1