7 44 1 73 79 1
81 20 1 50 60 1
75 44 1 77 90 1
89 98 1 96 2 1
24 97 1 47 76 1
66 46 1 74 71 1
67 1 1 30 31 1
70 84 1 68 99 1
52 39 1 78 5 1
90 66 1 92 25 1
55 41 1 11 46 1
92 64 1 95 54 1
14 12 1 22 19 1
63 13 1 49 35 1
12 99 1 3 43 1
51 61 1 65 47 1
87 21 1 84 72 1
42 45 1 51 46 1
5 10 1 24 41 1
32 92 1 68 82 1
40 82 1 22 70 1
16 56 1 16 75 1
10 69 1 4 21 1
95 12 1 69 22 1
52 2 1 15 24 1
64 24 1 54 41 1
45 73 1 14 49 1
89 7 1 82 4 1
78 92 1 82 57 1
68 32 1 59 41 1
40 36 1 54 25 1
47 64 1 54 62 1
80 88 1 88 92 1
80 18 1 77 22 1
93 32 1 93 42 1
97 46 1 98 71 1
75 4 1 52 18 1
16 12 1 27 1 1
21 86 1 11 82 1
33 39 1 48 34 1
37 60 1 45 65 1
25 56 1 65 76 1