38 62 1 48 49 1
45 77 1 95 25 1
59 20 1 21 59 1
38 50 1 37 64 1
16 61 1 23 17 1
99 15 1 54 1 1
75 7 1 71 5 1
55 89 1 88 61 1
28 93 1 47 58 1
50 11 1 99 23 1
28 65 1 29 53 1
51 66 1 75 26 1
68 83 1 90 85 1
33 70 1 16 95 1
84 60 1 98 34 1
9 89 1 37 60 1
95 87 1 40 100 1
71 49 1 54 62 1
61 39 1 46 68 1
66 27 1 53 47 1
47 76 1 82 66 1
16 2 1 41 25 1
58 34 1 50 31 1
90 23 1 25 9 1
4 99 1 18 98 1
49 16 1 28 42 1
94 100 1 86 100 1
4 51 1 9 49 1
15 12 1 6 83 1
96 56 1 84 76 1
30 28 1 20 11 1
11 1 1 91 13 1
51 76 1 31 93 1
91 64 1 89 58 1
99 97 1 94 72 1
12 80 1 19 74 1
3 69 1 9 58 1
61 99 1 97 100 1
30 24 1 26 20 1
98 27 1 27 94 1
75 81 1 82 71 1
92 24 1 44 14 1
91 79 1 63 83 1
44 93 1 49 80 1
5 76 1 8 67 1
87 70 1 85 68 1
76 56 1 91 40 1
31 88 1 48 63 1
7 26 1 12 23 1