23 61 1 57 54 1
5 13 1 21 84 1
29 87 1 96 25 1
99 35 1 99 37 1
62 46 1 35 37 1
61 9 1 34 2 1
99 47 1 94 55 1
56 21 1 50 36 1
20 7 1 51 27 1
66 58 1 63 65 1
54 93 1 96 26 1
20 53 1 14 1 1
24 83 1 36 98 1
87 13 1 49 14 1
68 49 1 54 57 1
100 73 1 69 71 1
51 90 1 59 77 1
67 63 1 40 99 1
42 31 1 27 33 1
77 40 1 66 18 1
10 43 1 3 100 1
97 28 1 85 70 1
82 61 1 77 70 1
53 29 1 63 28 1
86 10 1 57 7 1
71 89 1 91 86 1
29 88 1 46 87 1
20 35 1 29 51 1
44 12 1 54 10 1
64 44 1 65 15 1
95 82 1 89 73 1
92 91 1 74 97 1
79 38 1 91 14 1
1 65 1 8 34 1
31 94 1 12 82 1
95 2 1 78 26 1
25 10 1 34 14 1
85 93 1 67 90 1
73 77 1 98 86 1
73 61 1 69 66 1
49 52 1 30 44 1