93 100 1 90 99 1
76 17 1 51 35 1
16 99 1 95 22 1
21 74 1 15 70 1
97 35 1 39 79 1
60 6 1 90 4 1
89 65 1 47 94 1
8 10 1 39 26 1
91 16 1 63 28 1
9 65 1 36 59 1
71 7 1 19 10 1
80 23 1 4 95 1
91 99 1 63 95 1
4 59 1 15 26 1
77 40 1 63 55 1
49 43 1 16 17 1
59 29 1 22 15 1
59 65 1 50 86 1
1 39 1 1 44 1
83 24 1 70 33 1
52 22 1 46 15 1
82 52 1 59 85 1
93 4 1 31 18 1
74 66 1 85 60 1
6 50 1 2 65 1
16 44 1 36 47 1
95 60 1 81 85 1
68 45 1 73 31 1
89 8 1 83 18 1
44 9 1 54 8 1
64 92 1 87 73 1
40 63 1 42 61 1
84 1 1 56 1 1
39 100 1 95 86 1
43 29 1 47 35 1
51 86 1 29 92 1
9 70 1 7 74 1
28 46 1 17 60 1
26 90 1 92 39 1
80 36 1 77 38 1
10 92 1 35 68 1
65 68 1 57 73 1
56 16 1 79 8 1
27 36 1 9 14 1
39 65 1 13 92 1
40 40 1 24 31 1
15 39 1 15 42 1