25 25 1 12 20 1
83 93 1 80 35 1
64 13 1 85 33 1
49 20 1 17 81 1
30 74 1 80 46 1
37 38 1 37 26 1
43 99 1 45 84 1
8 5 1 13 2 1
64 98 1 71 58 1
1 19 1 31 49 1
27 46 1 6 76 1
96 15 1 85 68 1
91 25 1 67 15 1
52 11 1 61 26 1
14 84 1 58 62 1
21 2 1 89 9 1
65 48 1 55 40 1
95 23 1 89 64 1
47 32 1 66 46 1
53 8 1 34 18 1
66 35 1 67 53 1
81 58 1 76 53 1
21 71 1 37 39 1
45 41 1 26 64 1
13 94 1 53 77 1
56 72 1 58 91 1
91 72 1 95 29 1
68 27 1 73 32 1
93 22 1 80 18 1
13 37 1 5 57 1
5 18 1 29 44 1
85 81 1 91 83 1
14 41 1 14 55 1
94 69 1 100 60 1
34 77 1 7 96 1
35 80 1 51 67 1
96 11 1 71 2 1
56 55 1 18 80 1
13 19 1 14 18 1
93 76 1 90 87 1