87 17 1 86 76 1
21 66 1 14 70 1
34 25 1 39 41 1
22 91 1 48 53 1
80 82 1 66 96 1
4 11 1 9 3 1
30 12 1 97 97 1
51 45 1 72 86 1
31 13 1 81 24 1
20 26 1 4 34 1
10 86 1 13 47 1
82 37 1 38 21 1
58 76 1 36 100 1
26 18 1 35 56 1
73 43 1 84 46 1
100 32 1 97 7 1
60 50 1 78 68 1
35 79 1 57 64 1
89 5 1 43 1 1
9 62 1 4 43 1
17 31 1 29 50 1
9 48 1 9 41 1
30 48 1 12 94 1
99 2 1 84 20 1
34 35 1 28 20 1
59 94 1 72 88 1
25 78 1 46 35 1
90 78 1 98 22 1
96 25 1 88 79 1
70 72 1 92 91 1
47 45 1 50 46 1
83 75 1 84 72 1
10 98 1 8 66 1
41 89 1 37 88 1
42 100 1 81 97 1
30 20 1 28 12 1
77 17 1 86 24 1
19 85 1 19 82 1
15 10 1 46 4 1
85 66 1 52 36 1
36 74 1 40 68 1
4 31 1 16 11 1
40 52 1 46 37 1
5 29 1 11 8 1
68 20 1 94 5 1
1 44 1 3 67 1
2 1 1 37 5 1
76 40 1 57 32 1
18 6 1 17 6 1
67 77 1 61 92 1