5 43 1 8 32 1
95 86 1 18 54 1
30 91 1 9 79 1
5 24 1 88 47 1
1 47 1 83 88 1
31 24 1 84 44 1
24 44 1 3 27 1
91 40 1 70 21 1
58 32 1 81 37 1
48 17 1 16 27 1
76 61 1 97 78 1
49 50 1 32 33 1
45 62 1 60 67 1
47 31 1 44 31 1
54 53 1 63 65 1
34 99 1 48 75 1
72 19 1 84 17 1
100 78 1 99 49 1
52 31 1 48 1 1
43 93 1 53 88 1
33 10 1 45 3 1
80 94 1 57 94 1
84 18 1 88 28 1
23 82 1 38 67 1
47 73 1 62 91 1
68 59 1 54 48 1
2 84 1 12 85 1
60 58 1 62 57 1
34 89 1 34 80 1
45 65 1 65 68 1