78 22 1 17 73 1
26 17 1 63 26 1
86 24 1 17 3 1
5 62 1 58 30 1
26 76 1 90 23 1
68 82 1 95 88 1
10 14 1 25 23 1
60 54 1 34 86 1
27 94 1 39 69 1
97 27 1 95 91 1
32 35 1 40 29 1
7 37 1 26 44 1
5 43 1 1 71 1
99 21 1 83 37 1
47 78 1 82 64 1
73 77 1 90 77 1
53 85 1 90 94 1
44 79 1 83 59 1
37 96 1 94 96 1
44 61 1 19 81 1
82 49 1 76 41 1
76 14 1 91 23 1
48 32 1 20 16 1
89 70 1 94 42 1
47 50 1 28 66 1
24 66 1 37 49 1
23 26 1 25 24 1
24 42 1 33 44 1
9 18 1 2 59 1
71 76 1 22 97 1
83 5 1 80 6 1
49 28 1 60 29 1
93 91 1 84 92 1