68 78 1 70 20 1
46 79 1 1 56 1
75 88 1 44 53 1
66 47 1 19 23 1
42 2 1 76 7 1
35 66 1 49 39 1
49 80 1 70 85 1
43 14 1 30 1 1
94 61 1 90 43 1
50 13 1 41 10 1
34 34 1 8 46 1
45 91 1 5 95 1
36 38 1 12 51 1
94 5 1 98 64 1
76 92 1 63 96 1
76 53 1 86 82 1
76 21 1 87 66 1
94 17 1 79 11 1
89 53 1 98 76 1
39 31 1 30 26 1
47 99 1 39 95 1
52 88 1 38 89 1
49 29 1 60 34 1
96 45 1 97 68 1
71 96 1 94 84 1
36 19 1 36 19 1
28 67 1 3 55 1
46 36 1 34 9 1
2 48 1 5 45 1
19 24 1 21 26 1
95 65 1 83 39 1
66 29 1 65 27 1
2 14 1 21 22 1
36 21 1 27 10 1