16 33 1 60 16 1
13 72 1 17 13 1
2 19 1 8 4 1
31 52 1 40 100 1
44 88 1 71 2 1
73 79 1 95 5 1
79 90 1 78 84 1
53 76 1 59 74 1
93 38 1 99 55 1
57 19 1 22 49 1
22 94 1 28 96 1
59 8 1 38 4 1
82 4 1 52 66 1
76 28 1 61 89 1
78 64 1 73 90 1
47 9 1 51 8 1
82 99 1 97 58 1
36 84 1 14 70 1
48 95 1 46 85 1
16 74 1 6 72 1
43 67 1 33 60 1
85 29 1 91 12 1
62 29 1 51 54 1
63 8 1 65 18 1
73 40 1 60 58 1
49 16 1 31 14 1
62 66 1 61 80 1
81 14 1 57 58 1
43 71 1 48 41 1
10 4 1 33 17 1
84 4 1 92 10 1
88 46 1 99 26 1
39 11 1 59 15 1
76 6 1 71 19 1
58 49 1 65 22 1