70 25 1 64 97 1
73 97 1 77 53 1
45 64 1 31 45 1
51 16 1 31 11 1
88 68 1 83 95 1
64 52 1 56 99 1
25 56 1 11 48 1
18 33 1 12 43 1
11 84 1 16 86 1
10 18 1 61 33 1
4 44 1 7 98 1
89 25 1 96 46 1
89 47 1 59 2 1
77 31 1 84 68 1
61 65 1 7 22 1
40 69 1 8 76 1
47 63 1 51 80 1
87 13 1 75 5 1
65 6 1 92 18 1
41 6 1 64 22 1
49 79 1 45 84 1
68 9 1 99 57 1
21 10 1 7 3 1
33 53 1 13 46 1
3 43 1 1 5 1
22 65 1 13 56 1
28 32 1 67 51 1
100 68 1 94 64 1
36 98 1 15 78 1
37 29 1 55 41 1
35 14 1 57 21 1
12 77 1 46 73 1
81 47 1 86 63 1
17 72 1 8 40 1
2 23 1 7 71 1
7 87 1 8 89 1