40 45 1 36 4 1
73 36 1 65 78 1
68 49 1 82 8 1
3 44 1 15 81 1
61 74 1 69 7 1
11 26 1 44 59 1
66 18 1 65 4 1
4 44 1 18 59 1
40 96 1 84 90 1
4 29 1 12 8 1
59 2 1 85 7 1
49 17 1 43 87 1
17 95 1 13 76 1
74 88 1 98 73 1
63 85 1 38 90 1
91 62 1 76 59 1
5 28 1 18 53 1
6 28 1 36 79 1
55 92 1 92 62 1
92 90 1 35 100 1
90 37 1 79 33 1
20 22 1 44 57 1
47 2 1 60 31 1
92 37 1 92 12 1
48 33 1 47 68 1
69 9 1 72 30 1
32 24 1 27 15 1
90 59 1 82 56 1
16 73 1 21 74 1
98 62 1 95 38 1
77 40 1 83 53 1
100 48 1 99 58 1
49 44 1 52 53 1
35 6 1 38 37 1
60 78 1 58 69 1
93 4 1 73 38 1
72 72 1 75 69 1