27 1 1 36 90 1
8 44 1 28 24 1
50 41 1 87 19 1
93 83 1 69 47 1
66 45 1 58 80 1
43 67 1 64 89 1
3 97 1 16 94 1
7 70 1 1 16 1
54 80 1 38 76 1
2 79 1 2 91 1
3 100 1 75 99 1
96 48 1 99 86 1
57 61 1 37 35 1
2 30 1 5 80 1
34 93 1 64 94 1
43 31 1 89 2 1
85 66 1 78 36 1
19 2 1 9 33 1
16 78 1 18 81 1
71 74 1 66 90 1
50 35 1 97 13 1
50 60 1 37 69 1
86 91 1 96 91 1
29 63 1 19 93 1
28 62 1 30 52 1
50 99 1 18 96 1
47 93 1 89 88 1
72 55 1 75 69 1
42 85 1 56 82 1
90 60 1 84 49 1
55 40 1 76 40 1
49 24 1 54 22 1
36 45 1 33 58 1
16 75 1 29 33 1
75 31 1 77 26 1
36 17 1 50 46 1
52 91 1 12 95 1
90 20 1 99 25 1