23 41 1 79 84 1
41 41 1 78 25 1
87 69 1 98 19 1
61 39 1 56 39 1
72 96 1 51 67 1
87 66 1 62 43 1
15 53 1 1 43 1
20 75 1 22 11 1
65 36 1 86 55 1
68 26 1 13 5 1
46 69 1 29 63 1
90 65 1 99 17 1
70 13 1 79 6 1
38 23 1 37 18 1
17 28 1 1 40 1
3 86 1 21 87 1
70 92 1 91 81 1
89 3 1 87 25 1
21 77 1 62 97 1
12 3 1 43 7 1
66 62 1 88 80 1
36 19 1 33 26 1
95 90 1 99 96 1
47 47 1 55 54 1
55 7 1 87 21 1
59 25 1 38 21 1
46 23 1 38 45 1
65 74 1 64 79 1
4 11 1 5 17 1
11 64 1 13 59 1
76 59 1 38 50 1
20 65 1 12 51 1
42 88 1 10 93 1
30 76 1 27 53 1
85 23 1 75 29 1
29 41 1 24 36 1
51 33 1 46 30 1
69 93 1 30 48 1
68 40 1 65 45 1