99 10 1 47 70 1
95 64 1 62 65 1
16 25 1 56 25 1
22 35 1 27 39 1
62 9 1 37 94 1
67 84 1 64 81 1
96 35 1 89 28 1
6 12 1 14 81 1
62 30 1 56 55 1
17 91 1 32 68 1
92 4 1 59 43 1
56 78 1 75 91 1
19 8 1 33 23 1
41 100 1 47 99 1
74 39 1 91 20 1
59 27 1 90 2 1
9 5 1 9 22 1
39 29 1 15 64 1
13 22 1 17 36 1
37 56 1 14 72 1
55 21 1 64 5 1
19 47 1 18 53 1
68 87 1 76 99 1
38 14 1 15 1 1
61 18 1 52 50 1
18 81 1 37 57 1
20 94 1 55 96 1
40 47 1 45 33 1
36 85 1 44 61 1
63 54 1 52 71 1
67 3 1 39 8 1
9 27 1 16 37 1
81 62 1 89 52 1
87 76 1 94 65 1
35 44 1 14 66 1
88 86 1 68 80 1
87 3 1 62 20 1
44 28 1 51 27 1
84 58 1 79 48 1
88 54 1 92 47 1