38 70 1 76 91 1
7 79 1 17 84 1
13 50 1 84 58 1
29 64 1 4 76 1
61 18 1 64 36 1
57 5 1 94 46 1
81 58 1 69 59 1
98 54 1 84 82 1
16 14 1 18 7 1
80 94 1 21 87 1
66 93 1 30 97 1
10 91 1 5 92 1
21 8 1 59 27 1
59 4 1 90 18 1
63 75 1 86 68 1
34 61 1 13 59 1
1 46 1 56 37 1
45 38 1 1 22 1
1 80 1 30 72 1
45 30 1 27 28 1
55 61 1 78 67 1
35 90 1 15 86 1
12 98 1 13 91 1
97 57 1 85 86 1
26 22 1 53 33 1
76 41 1 73 42 1
69 53 1 84 47 1
4 6 1 7 8 1
12 55 1 66 62 1
41 82 1 70 92 1
10 15 1 15 9 1
6 49 1 13 68 1
45 39 1 78 48 1
80 3 1 100 29 1
96 74 1 90 90 1
98 90 1 96 85 1
87 8 1 95 2 1
10 19 1 20 16 1
79 48 1 15 49 1
22 15 1 57 33 1
55 92 1 14 91 1