28 95 1 7 56 1
2 15 1 86 64 1
83 70 1 14 67 1
47 93 1 89 71 1
8 8 1 54 39 1
54 52 1 48 59 1
37 61 1 1 14 1
97 73 1 92 73 1
4 49 1 16 93 1
58 33 1 96 60 1
81 21 1 66 30 1
69 31 1 95 24 1
54 93 1 21 99 1
42 27 1 74 54 1
89 6 1 21 9 1
83 67 1 66 54 1
86 45 1 84 30 1
42 9 1 35 13 1
11 45 1 13 52 1
21 5 1 55 1 1
6 69 1 13 95 1
78 22 1 15 12 1
100 99 1 73 83 1
100 78 1 98 15 1
77 38 1 49 30 1
28 6 1 15 9 1
56 96 1 89 98 1
45 86 1 25 85 1
30 54 1 18 54 1
95 51 1 96 47 1
93 68 1 43 32 1
71 19 1 90 6 1
2 25 1 6 36 1
8 58 1 11 72 1
97 98 1 63 86 1
30 97 1 42 93 1
77 1 1 100 8 1
62 86 1 95 99 1
46 52 1 43 50 1
49 73 1 32 84 1
26 98 1 21 91 1
92 83 1 96 83 1