24 61 1 55 78 1
88 37 1 82 72 1
70 24 1 14 30 1
13 39 1 97 23 1
29 73 1 15 85 1
77 82 1 90 89 1
27 13 1 24 26 1
50 70 1 16 45 1
65 52 1 70 45 1
18 96 1 3 58 1
35 94 1 73 83 1
49 57 1 73 67 1
26 97 1 79 71 1
17 97 1 61 78 1
74 15 1 43 22 1
60 18 1 25 6 1
17 80 1 7 10 1
45 44 1 21 48 1
87 95 1 32 98 1
30 71 1 44 85 1
100 78 1 89 36 1
92 96 1 94 89 1
84 92 1 57 89 1
100 15 1 37 2 1
3 84 1 15 93 1
28 25 1 94 15 1
69 100 1 99 100 1
50 56 1 43 52 1
59 59 1 63 61 1
80 44 1 82 49 1
73 9 1 93 4 1
91 54 1 86 53 1
11 29 1 10 29 1
30 25 1 39 27 1
64 15 1 22 4 1
95 33 1 94 27 1
50 36 1 82 33 1
1 47 1 12 72 1
67 56 1 57 47 1
86 37 1 73 39 1
97 78 1 95 68 1
37 97 1 37 94 1
49 33 1 47 46 1