59 74 1 100 83 1
28 84 1 53 1 1
89 10 1 50 23 1
12 46 1 4 24 1
50 35 1 60 24 1
90 57 1 84 17 1
32 58 1 13 67 1
19 88 1 62 76 1
58 62 1 73 56 1
15 17 1 26 49 1
88 54 1 74 41 1
57 9 1 51 9 1
67 93 1 58 92 1
53 82 1 70 88 1
3 76 1 1 27 1
88 56 1 59 54 1
37 76 1 62 24 1
86 90 1 30 89 1
23 85 1 44 30 1
82 46 1 68 29 1
41 72 1 65 65 1
7 56 1 7 76 1
4 96 1 38 100 1
66 7 1 93 4 1
100 70 1 87 17 1
77 21 1 51 24 1
10 24 1 3 16 1
44 82 1 56 79 1
38 48 1 31 72 1
38 70 1 46 45 1
91 70 1 86 78 1
28 58 1 13 52 1
48 72 1 70 73 1
52 7 1 78 4 1
14 89 1 20 85 1
45 98 1 78 96 1
3 15 1 34 4 1
63 25 1 82 55 1
10 59 1 9 78 1
58 90 1 38 97 1
36 99 1 47 95 1
66 42 1 66 40 1
75 63 1 73 68 1
6 29 1 14 46 1