23 56 1 8 10 1
33 63 1 76 45 1
24 57 1 22 28 1
18 78 1 9 55 1
74 66 1 66 69 1
88 36 1 82 13 1
35 47 1 46 39 1
55 81 1 46 59 1
63 50 1 47 11 1
61 27 1 92 61 1
100 82 1 30 88 1
50 100 1 40 95 1
96 52 1 68 1 1
7 54 1 1 67 1
8 62 1 14 81 1
98 91 1 19 93 1
14 5 1 68 13 1
22 66 1 33 51 1
39 86 1 36 86 1
26 10 1 27 20 1
56 33 1 28 27 1
17 85 1 48 71 1
24 60 1 14 6 1
7 11 1 10 40 1
71 16 1 68 7 1
10 47 1 11 38 1
26 60 1 25 34 1
74 54 1 47 60 1
72 33 1 68 11 1
11 88 1 91 91 1
65 67 1 60 75 1
32 72 1 22 74 1
6 3 1 21 58 1
98 89 1 77 89 1
52 52 1 51 43 1
52 94 1 36 95 1
99 9 1 91 24 1
30 49 1 21 10 1
71 84 1 37 83 1
68 54 1 82 52 1
26 70 1 39 56 1
75 25 1 75 29 1
6 89 1 9 84 1
2 58 1 7 30 1
98 72 1 97 35 1