60 49 1 84 8 1
47 21 1 70 74 1
24 23 1 28 82 1
45 92 1 45 42 1
25 15 1 49 39 1
21 91 1 20 14 1
23 9 1 51 31 1
90 72 1 87 84 1
2 34 1 6 68 1
55 96 1 64 61 1
53 71 1 50 80 1
58 92 1 64 98 1
64 81 1 88 96 1
56 67 1 55 88 1
9 3 1 66 18 1
98 12 1 90 85 1
21 15 1 21 10 1
16 50 1 20 19 1
80 25 1 78 28 1
52 27 1 62 42 1
76 38 1 85 50 1
14 47 1 12 29 1
26 89 1 25 38 1
7 67 1 8 10 1
75 40 1 77 47 1
35 53 1 34 70 1
74 37 1 90 98 1
80 28 1 85 31 1
57 6 1 48 3 1
89 11 1 94 38 1
27 42 1 24 18 1
36 100 1 33 90 1
92 95 1 96 50 1
58 21 1 27 10 1
92 41 1 89 48 1
23 100 1 23 28 1
37 42 1 31 37 1
77 65 1 83 86 1
29 56 1 30 95 1
69 55 1 75 65 1
15 84 1 14 69 1
78 1 1 61 36 1
40 40 1 42 83 1
86 74 1 85 52 1
48 72 1 58 47 1
10 92 1 17 36 1