9 60 1 39 48 1
99 17 1 95 47 1
95 34 1 89 4 1
72 86 1 29 63 1
99 51 1 82 69 1
8 2 1 50 22 1
81 57 1 33 52 1
5 28 1 62 40 1
92 85 1 88 76 1
62 21 1 26 1 1
39 64 1 35 64 1
47 49 1 52 39 1
3 100 1 8 40 1
37 95 1 25 80 1
9 97 1 16 78 1
61 31 1 90 36 1
90 11 1 88 9 1
79 52 1 56 50 1
60 82 1 35 91 1
60 38 1 15 30 1
68 83 1 89 79 1
91 15 1 23 31 1
80 24 1 37 32 1
69 37 1 69 35 1
99 95 1 95 57 1
59 86 1 58 96 1
51 58 1 20 60 1
58 78 1 94 97 1
59 58 1 42 53 1
19 53 1 28 45 1
37 100 1 16 84 1
28 92 1 48 99 1
30 55 1 13 61 1
38 68 1 33 81 1
73 73 1 55 61 1
14 76 1 7 95 1
69 10 1 50 14 1
76 19 1 83 23 1
18 44 1 10 31 1
7 61 1 42 42 1
92 74 1 91 61 1
45 19 1 27 8 1
51 51 1 71 54 1
66 20 1 78 7 1
20 27 1 16 27 1
24 14 1 26 24 1
66 12 1 72 11 1