57 74 1 92 88 1
38 71 1 39 45 1
24 59 1 2 41 1
39 15 1 74 33 1
39 99 1 63 41 1
54 11 1 59 11 1
100 66 1 98 89 1
71 9 1 45 1 1
68 78 1 92 36 1
16 5 1 14 29 1
72 38 1 16 16 1
46 29 1 15 50 1
37 79 1 14 75 1
79 51 1 76 62 1
94 88 1 99 20 1
44 13 1 58 13 1
87 43 1 89 38 1
98 31 1 94 80 1
90 98 1 100 93 1
63 71 1 62 45 1
73 99 1 54 78 1
64 92 1 62 95 1
82 8 1 87 19 1
68 3 1 87 34 1
76 19 1 57 7 1
17 55 1 4 82 1
60 41 1 65 37 1
44 79 1 31 74 1
78 88 1 91 94 1
38 54 1 26 72 1
91 27 1 86 42 1
92 76 1 81 73 1
81 71 1 93 41 1
26 17 1 24 10 1
56 64 1 58 54 1
68 44 1 66 68 1
45 82 1 42 61 1
44 50 1 48 59 1
65 51 1 63 50 1
83 32 1 55 7 1
24 7 1 51 24 1
42 58 1 48 71 1
53 71 1 70 79 1
29 4 1 44 17 1
61 38 1 54 32 1
69 79 1 80 94 1
17 46 1 26 27 1
46 17 1 35 6 1