10 17 1 64 75 1
100 84 1 63 79 1
99 18 1 44 42 1
100 93 1 44 78 1
93 54 1 87 28 1
63 96 1 44 88 1
17 39 1 25 82 1
32 57 1 30 81 1
19 3 1 39 13 1
50 57 1 45 42 1
80 39 1 58 36 1
46 40 1 15 16 1
83 58 1 71 73 1
36 87 1 37 94 1
49 19 1 22 18 1
99 52 1 100 23 1
70 76 1 69 50 1
45 93 1 33 54 1
89 50 1 72 38 1
94 3 1 79 16 1
18 52 1 3 79 1
25 29 1 29 33 1
46 22 1 66 17 1
25 66 1 26 47 1
28 10 1 23 14 1
11 50 1 7 54 1
94 68 1 94 73 1
36 63 1 48 63 1
78 97 1 11 96 1
98 37 1 92 65 1
65 58 1 58 38 1
72 79 1 88 67 1
3 82 1 33 91 1
85 1 1 66 26 1
98 65 1 95 64 1
88 35 1 67 36 1
18 2 1 29 1 1
17 22 1 45 49 1
24 82 1 15 79 1
42 2 1 39 5 1
63 62 1 61 60 1
53 82 1 84 95 1
60 92 1 51 80 1
60 57 1 69 63 1
33 51 1 1 5 1
34 66 1 38 75 1
2 84 1 15 95 1
42 12 1 28 6 1
80 6 1 31 6 1