27 31 1 48 74 1
43 86 1 96 25 1
76 98 1 69 60 1
48 13 1 48 69 1
42 36 1 21 20 1
98 89 1 75 76 1
85 27 1 33 97 1
22 32 1 17 20 1
10 24 1 6 80 1
22 68 1 11 70 1
82 97 1 83 89 1
51 77 1 57 78 1
73 64 1 99 39 1
11 31 1 13 50 1
29 80 1 23 55 1
65 29 1 79 30 1
44 34 1 33 10 1
52 5 1 52 4 1
64 45 1 67 49 1
2 44 1 6 86 1
52 63 1 51 32 1
4 5 1 50 6 1
73 42 1 53 28 1
1 92 1 44 74 1
97 57 1 88 58 1
10 67 1 11 64 1
97 34 1 89 38 1
23 42 1 28 34 1
40 12 1 45 22 1
52 52 1 56 47 1
90 6 1 30 7 1
98 3 1 13 4 1
41 42 1 47 32 1
21 61 1 11 24 1
54 3 1 54 2 1
37 87 1 5 97 1
51 91 1 55 82 1
71 95 1 44 92 1
17 39 1 16 6 1
83 28 1 48 7 1
56 18 1 54 24 1
73 56 1 70 55 1
51 31 1 57 32 1
83 69 1 73 75 1
20 51 1 23 50 1
70 87 1 56 93 1
61 61 1 85 28 1
98 77 1 89 68 1
83 22 1 81 26 1
36 53 1 32 50 1