26 45 1 21 89 1
58 61 1 53 65 1
30 33 1 80 79 1
63 45 1 2 13 1
26 12 1 39 25 1
19 3 1 53 39 1
39 42 1 7 38 1
85 60 1 79 37 1
88 33 1 66 26 1
99 80 1 65 89 1
37 33 1 62 51 1
57 91 1 67 79 1
22 22 1 33 28 1
37 75 1 32 98 1
20 50 1 9 93 1
87 69 1 33 30 1
40 80 1 69 72 1
34 99 1 98 95 1
3 37 1 7 16 1
44 5 1 63 10 1
63 26 1 88 6 1
13 69 1 2 81 1
25 91 1 27 96 1
15 89 1 12 94 1
38 76 1 43 62 1
39 14 1 73 10 1
93 18 1 90 69 1
73 40 1 83 63 1
14 58 1 14 54 1
55 27 1 59 24 1
90 16 1 76 20 1