70 97 1 8 91 1
9 51 1 36 24 1
78 57 1 30 10 1
48 31 1 63 90 1
88 84 1 79 54 1
8 64 1 35 57 1
1 8 1 76 6 1
9 80 1 31 67 1
66 38 1 62 17 1
87 2 1 68 18 1
42 75 1 43 69 1
99 84 1 100 98 1
77 49 1 35 14 1
15 53 1 22 51 1
50 25 1 31 9 1
49 43 1 40 45 1
49 63 1 28 33 1
38 21 1 4 23 1
53 46 1 73 68 1
89 21 1 97 93 1
76 88 1 89 95 1
77 32 1 90 83 1
20 88 1 25 82 1
35 51 1 54 93 1
53 88 1 47 44 1
79 85 1 68 69 1
17 5 1 27 6 1
97 75 1 99 62 1
98 42 1 96 46 1
44 26 1 40 31 1
82 28 1 81 45 1
99 33 1 99 19 1