30 98 1 90 67 1
66 36 1 70 53 1
26 36 1 19 69 1
19 87 1 36 73 1
85 87 1 96 88 1
41 23 1 48 46 1
43 24 1 63 8 1
25 55 1 22 67 1
7 91 1 43 42 1
55 82 1 50 40 1
66 96 1 100 66 1
65 62 1 88 28 1
80 51 1 98 10 1
41 18 1 33 39 1
17 97 1 10 92 1
36 76 1 43 90 1
14 80 1 17 4 1
63 21 1 78 34 1
52 22 1 96 14 1
50 15 1 33 4 1
86 42 1 99 57 1
8 59 1 9 70 1
61 55 1 54 32 1
16 51 1 18 41 1
91 89 1 80 97 1
42 37 1 32 45 1
25 1 1 28 5 1
81 86 1 82 83 1
6 70 1 12 27 1
20 14 1 26 29 1
56 25 1 64 51 1
76 67 1 72 55 1
31 45 1 40 24 1