92 71 1 14 75 1
85 1 1 90 68 1
89 56 1 76 20 1
56 52 1 53 1 1
15 86 1 44 98 1
6 1 1 19 8 1
71 19 1 81 52 1
13 63 1 61 69 1
59 15 1 74 38 1
54 95 1 50 75 1
12 6 1 36 64 1
64 94 1 52 78 1
67 17 1 79 18 1
73 85 1 78 81 1
98 92 1 64 100 1
69 47 1 84 63 1
31 4 1 55 53 1
79 67 1 99 70 1
29 74 1 4 75 1
66 61 1 66 45 1
7 12 1 5 29 1
77 71 1 29 45 1
6 93 1 6 77 1
40 55 1 50 58 1
89 42 1 87 11 1
37 93 1 42 76 1
17 99 1 25 94 1
4 68 1 28 65 1
13 45 1 1 64 1
56 3 1 76 40 1
87 6 1 96 37 1
46 35 1 40 30 1
90 75 1 96 83 1
37 78 1 25 80 1