79 47 1 90 39 1
96 22 1 17 70 1
26 7 1 6 1 1
17 59 1 9 7 1
23 45 1 15 44 1
57 97 1 71 93 1
11 96 1 11 38 1
43 96 1 94 53 1
97 53 1 89 49 1
93 33 1 17 88 1
6 11 1 8 38 1
8 47 1 4 66 1
64 20 1 69 16 1
10 40 1 7 77 1
35 50 1 28 16 1
28 65 1 14 73 1
49 81 1 51 83 1
64 26 1 15 1 1
38 85 1 74 56 1
40 58 1 99 28 1
100 60 1 49 98 1
58 97 1 97 99 1
43 23 1 38 36 1
46 62 1 20 83 1
76 17 1 84 28 1
29 9 1 58 25 1
73 16 1 21 3 1
91 93 1 63 91 1
72 45 1 39 63 1
10 20 1 6 86 1
23 40 1 15 23 1
69 14 1 29 1 1
62 40 1 44 33 1
14 100 1 56 74 1
55 66 1 29 86 1