12 70 1 42 31 1
18 76 1 41 75 1
89 61 1 51 64 1
25 10 1 93 12 1
17 85 1 69 93 1
64 55 1 87 36 1
49 25 1 50 87 1
52 14 1 63 13 1
70 100 1 89 88 1
89 12 1 87 21 1
52 76 1 72 65 1
9 59 1 29 29 1
89 85 1 91 38 1
38 72 1 48 28 1
5 91 1 8 38 1
98 23 1 21 14 1
60 28 1 56 63 1
89 27 1 94 30 1
42 72 1 44 65 1
45 72 1 43 69 1
68 85 1 82 75 1
5 19 1 16 8 1
98 22 1 100 77 1
29 47 1 42 21 1
96 64 1 91 37 1
73 35 1 62 31 1
65 38 1 60 44 1
11 97 1 7 100 1
44 6 1 32 1 1
76 96 1 97 83 1
9 36 1 27 16 1
68 5 1 4 8 1
71 92 1 61 76 1
35 58 1 23 71 1
69 53 1 79 52 1
62 75 1 54 75 1