5 62 1 10 26 1
75 15 1 29 5 1
67 51 1 55 60 1
69 33 1 88 1 1
82 60 1 99 29 1
7 84 1 35 19 1
72 7 1 51 8 1
46 71 1 73 26 1
55 98 1 36 84 1
19 33 1 20 53 1
56 87 1 70 99 1
74 67 1 53 76 1
25 93 1 30 89 1
24 22 1 27 12 1
48 15 1 30 7 1
52 53 1 42 13 1
64 58 1 57 65 1
78 6 1 4 4 1
67 83 1 77 94 1
7 94 1 16 68 1
54 97 1 39 85 1
10 31 1 27 30 1
22 54 1 64 97 1
26 86 1 31 87 1
100 43 1 98 88 1
10 48 1 9 47 1
57 36 1 63 41 1
64 77 1 95 90 1
32 50 1 38 57 1
25 59 1 23 56 1
60 47 1 48 16 1
5 19 1 6 18 1
66 65 1 65 56 1
72 64 1 88 64 1
32 100 1 16 99 1
13 8 1 18 19 1
7 99 1 4 78 1