98 42 1 32 61 1
14 19 1 46 33 1
48 5 1 3 9 1
74 81 1 20 92 1
36 56 1 20 59 1
44 56 1 65 44 1
6 47 1 12 91 1
93 57 1 84 93 1
26 4 1 73 5 1
44 48 1 16 30 1
61 91 1 53 91 1
85 27 1 94 25 1
88 97 1 40 91 1
79 55 1 75 93 1
4 14 1 8 88 1
85 50 1 87 51 1
91 1 1 47 54 1
13 83 1 16 28 1
71 10 1 68 17 1
80 21 1 66 40 1
92 11 1 63 47 1
14 99 1 8 58 1
65 49 1 86 39 1
23 36 1 17 76 1
43 79 1 51 62 1
21 71 1 42 75 1
73 72 1 67 60 1
11 98 1 4 89 1
5 19 1 34 16 1
39 50 1 25 58 1
76 17 1 35 26 1
31 62 1 46 61 1
26 50 1 27 48 1
56 55 1 76 60 1
71 22 1 43 29 1
39 26 1 48 33 1
17 100 1 7 100 1
12 12 1 63 13 1