70 11 1 50 42 1
91 52 1 68 21 1
50 85 1 95 77 1
9 60 1 58 21 1
83 23 1 95 30 1
41 9 1 28 34 1
31 65 1 45 58 1
42 97 1 29 90 1
39 93 1 59 36 1
30 34 1 64 15 1
32 24 1 24 38 1
63 9 1 79 2 1
15 57 1 20 68 1
13 85 1 7 87 1
54 8 1 94 15 1
42 33 1 29 37 1
17 18 1 34 22 1
22 33 1 29 27 1
67 26 1 60 70 1
44 4 1 52 20 1
64 25 1 50 66 1
91 17 1 86 23 1
51 81 1 90 74 1
7 53 1 19 20 1
70 32 1 87 58 1
54 36 1 51 49 1
7 58 1 17 72 1
73 76 1 67 59 1
2 3 1 13 24 1
58 5 1 53 1 1
82 82 1 72 95 1
88 35 1 88 34 1
53 87 1 51 95 1
31 63 1 12 87 1
2 85 1 39 53 1
72 96 1 79 88 1
53 21 1 41 24 1
40 72 1 42 62 1
85 95 1 89 95 1