17 20 1 44 41 1
73 11 1 41 98 1
4 40 1 2 34 1
49 90 1 47 93 1
3 7 1 19 14 1
18 39 1 46 73 1
85 14 1 96 69 1
58 36 1 32 24 1
11 94 1 2 21 1
58 65 1 88 49 1
19 35 1 44 61 1
78 56 1 74 95 1
67 43 1 75 32 1
44 39 1 5 9 1
10 23 1 9 71 1
26 75 1 35 73 1
21 59 1 19 70 1
49 99 1 61 82 1
48 35 1 38 31 1
45 27 1 34 22 1
79 9 1 95 79 1
74 2 1 94 23 1
51 32 1 74 10 1
61 7 1 64 14 1
54 83 1 54 75 1
7 16 1 58 51 1
50 3 1 86 1 1
73 20 1 44 100 1
31 23 1 4 2 1
74 83 1 67 72 1
26 36 1 39 49 1
99 83 1 87 17 1
50 23 1 71 12 1
16 44 1 20 87 1
28 70 1 34 66 1
38 17 1 51 15 1
76 72 1 73 76 1
24 71 1 17 37 1
82 6 1 95 16 1
64 80 1 66 86 1