89 31 1 72 33 1
29 25 1 84 54 1
43 42 1 83 73 1
60 32 1 17 9 1
16 78 1 4 86 1
16 36 1 1 88 1
68 86 1 17 38 1
98 28 1 100 98 1
85 31 1 33 16 1
9 12 1 84 66 1
72 84 1 99 82 1
56 1 1 12 5 1
7 17 1 67 84 1
72 61 1 95 76 1
21 85 1 47 96 1
58 23 1 54 19 1
88 74 1 15 22 1
13 66 1 51 91 1
16 88 1 28 99 1
4 11 1 39 3 1
38 99 1 73 99 1
65 60 1 75 79 1
46 8 1 55 21 1
20 44 1 43 74 1
24 58 1 52 83 1
34 45 1 57 57 1
93 62 1 86 36 1
2 6 1 9 41 1
87 91 1 66 89 1
72 24 1 98 27 1
91 100 1 68 94 1
8 27 1 13 39 1
18 64 1 70 98 1
80 42 1 77 38 1
99 39 1 98 9 1
16 47 1 30 58 1
73 92 1 90 91 1
12 52 1 15 40 1
55 15 1 50 3 1
87 31 1 84 27 1
67 64 1 14 22 1