14 81 1 8 4 1
47 70 1 11 87 1
82 67 1 62 100 1
72 8 1 42 91 1
15 10 1 51 45 1
87 85 1 85 80 1
47 50 1 18 14 1
85 49 1 93 13 1
86 79 1 90 85 1
10 10 1 20 56 1
55 10 1 58 16 1
85 32 1 76 36 1
20 45 1 37 63 1
8 57 1 2 23 1
61 44 1 76 51 1
84 3 1 78 34 1
98 36 1 88 60 1
75 65 1 95 2 1
100 94 1 73 95 1
7 50 1 9 63 1
100 85 1 69 94 1
24 84 1 28 88 1
49 86 1 57 86 1
44 35 1 40 33 1
1 1 1 60 5 1
7 98 1 1 100 1
1 63 1 7 93 1
24 67 1 16 32 1
85 74 1 81 57 1
46 51 1 55 52 1
39 89 1 39 86 1
77 12 1 70 6 1
48 5 1 55 7 1
79 22 1 71 22 1
55 93 1 57 97 1
61 40 1 79 48 1
72 90 1 99 84 1
57 22 1 58 37 1
73 77 1 52 65 1
100 36 1 100 17 1
84 2 1 52 4 1
43 27 1 33 11 1