9 17 1 6 88 1
33 66 1 56 92 1
42 44 1 76 44 1
13 23 1 81 36 1
88 19 1 59 7 1
69 78 1 100 34 1
51 58 1 30 52 1
59 17 1 12 12 1
19 48 1 49 80 1
38 71 1 60 91 1
96 51 1 70 82 1
70 50 1 65 84 1
37 83 1 27 97 1
90 92 1 75 83 1
45 48 1 82 46 1
8 82 1 7 82 1
80 20 1 18 21 1
9 69 1 18 60 1
34 44 1 51 42 1
16 72 1 12 88 1
8 57 1 10 35 1
35 95 1 75 92 1
32 16 1 20 13 1
77 24 1 86 48 1
39 65 1 72 92 1
36 36 1 44 40 1
92 24 1 96 7 1
41 84 1 52 93 1
66 18 1 43 12 1
1 31 1 5 36 1
19 28 1 15 27 1
38 6 1 97 5 1
94 17 1 100 11 1
84 55 1 81 38 1
60 76 1 52 56 1
43 41 1 11 28 1
5 2 1 2 10 1
81 93 1 47 98 1
87 77 1 85 76 1
39 40 1 27 45 1
91 42 1 94 38 1
42 36 1 58 37 1
41 83 1 38 87 1