29 37 1 88 43 1
7 94 1 19 99 1
17 45 1 19 8 1
38 45 1 34 43 1
91 91 1 48 41 1
70 10 1 89 38 1
61 16 1 82 28 1
75 78 1 76 74 1
40 100 1 4 78 1
39 60 1 51 80 1
44 93 1 29 50 1
80 49 1 90 81 1
15 34 1 8 8 1
57 35 1 52 34 1
17 46 1 25 80 1
22 9 1 47 7 1
79 21 1 70 9 1
18 40 1 40 19 1
77 98 1 24 35 1
11 53 1 1 22 1
19 56 1 22 82 1
54 55 1 71 87 1
44 33 1 69 26 1
56 88 1 48 72 1
81 92 1 87 93 1
81 42 1 31 35 1
71 45 1 55 48 1
96 25 1 69 2 1
100 46 1 93 46 1
48 9 1 60 15 1
89 26 1 77 13 1
4 41 1 18 82 1
94 92 1 100 67 1
61 55 1 72 54 1
61 19 1 50 26 1
84 77 1 86 83 1
28 37 1 36 39 1
87 56 1 85 55 1
88 42 1 77 28 1
23 19 1 20 28 1
58 3 1 71 19 1
89 67 1 92 58 1
29 53 1 38 95 1
68 78 1 76 92 1