91 59 1 45 85 1
41 2 1 42 58 1
63 81 1 16 100 1
14 30 1 38 71 1
94 16 1 98 50 1
36 34 1 41 17 1
64 43 1 96 52 1
32 60 1 32 30 1
82 43 1 93 27 1
95 96 1 30 97 1
91 21 1 77 43 1
30 77 1 1 98 1
89 27 1 92 27 1
25 29 1 29 5 1
71 38 1 61 33 1
55 77 1 42 28 1
78 27 1 60 19 1
65 52 1 87 50 1
44 9 1 61 31 1
84 28 1 47 35 1
39 89 1 8 32 1
1 27 1 4 79 1
91 63 1 90 72 1
74 15 1 87 10 1
98 16 1 99 11 1
78 69 1 88 83 1
89 9 1 83 32 1
7 93 1 5 49 1
69 15 1 65 19 1
74 64 1 66 59 1
24 50 1 16 42 1
20 89 1 36 91 1
46 39 1 67 49 1
77 16 1 74 24 1
85 2 1 100 10 1
16 10 1 22 42 1
34 46 1 32 10 1
23 65 1 11 75 1
73 9 1 80 6 1
30 35 1 28 25 1
4 4 1 7 60 1
31 40 1 30 14 1
38 29 1 41 21 1
65 94 1 78 70 1
39 72 1 39 72 1