15 97 1 96 64 1
35 43 1 55 69 1
30 34 1 28 78 1
15 28 1 85 23 1
4 75 1 23 88 1
50 57 1 74 36 1
68 32 1 93 42 1
27 59 1 19 83 1
46 86 1 32 91 1
39 42 1 68 29 1
3 12 1 15 66 1
4 9 1 19 79 1
78 5 1 87 15 1
19 10 1 44 22 1
71 30 1 73 26 1
42 25 1 8 10 1
86 99 1 43 98 1
25 86 1 34 74 1
13 68 1 9 70 1
35 1 1 88 2 1
20 56 1 31 27 1
89 58 1 94 60 1
90 77 1 70 93 1
3 26 1 17 83 1
81 11 1 50 4 1
29 30 1 22 43 1
69 11 1 37 4 1
52 86 1 54 92 1
93 36 1 100 78 1
17 66 1 22 38 1
35 35 1 31 70 1
70 15 1 55 9 1
48 16 1 32 5 1
50 44 1 49 43 1
82 56 1 70 62 1
97 61 1 77 40 1
56 24 1 17 8 1
95 63 1 38 78 1
36 11 1 40 13 1
73 37 1 53 60 1
66 61 1 78 44 1
61 78 1 31 85 1
21 13 1 25 14 1
26 86 1 44 78 1
58 80 1 63 92 1
54 5 1 58 8 1