56 55 1 89 5 1
68 34 1 7 49 1
79 54 1 91 29 1
62 41 1 55 48 1
6 47 1 26 97 1
57 17 1 78 6 1
79 8 1 49 37 1
67 83 1 60 56 1
59 95 1 83 64 1
99 45 1 95 48 1
65 59 1 96 20 1
43 22 1 32 1 1
62 40 1 17 54 1
93 77 1 79 78 1
66 97 1 95 76 1
91 9 1 64 47 1
45 65 1 35 53 1
50 83 1 58 69 1
90 38 1 71 76 1
1 91 1 15 76 1
1 17 1 3 33 1
42 87 1 44 98 1
4 27 1 3 23 1
31 25 1 23 23 1
28 39 1 42 22 1
75 36 1 27 89 1
37 38 1 76 9 1
20 25 1 2 45 1
7 76 1 5 64 1
32 24 1 35 23 1
24 79 1 15 56 1
64 37 1 61 39 1
84 57 1 93 40 1
37 11 1 12 26 1
100 29 1 88 37 1
94 84 1 94 99 1
91 8 1 67 42 1
85 52 1 88 48 1
71 99 1 78 95 1
88 47 1 82 55 1
56 99 1 47 80 1
57 60 1 40 86 1
74 3 1 47 14 1
49 63 1 85 25 1
99 85 1 92 49 1
40 40 1 11 47 1
93 46 1 84 65 1