35 86 1 69 90 1
11 70 1 21 79 1
55 20 1 11 56 1
58 28 1 81 63 1
55 80 1 70 55 1
47 54 1 27 43 1
87 90 1 92 37 1
35 93 1 100 96 1
63 92 1 4 86 1
73 35 1 72 49 1
56 11 1 89 20 1
39 8 1 80 2 1
49 7 1 5 39 1
57 13 1 4 44 1
33 69 1 26 82 1
13 2 1 17 21 1
44 86 1 59 60 1
54 31 1 41 46 1
66 86 1 57 82 1
81 9 1 96 2 1
91 79 1 100 94 1
56 26 1 51 47 1
77 64 1 76 72 1
96 13 1 91 57 1
74 68 1 70 62 1
79 93 1 84 45 1
42 69 1 46 60 1
25 87 1 14 75 1
99 8 1 99 12 1
54 12 1 2 45 1
24 50 1 24 72 1
64 79 1 65 83 1
48 29 1 43 43 1
48 60 1 57 35 1
42 97 1 80 100 1
15 97 1 51 98 1
72 7 1 94 23 1
61 3 1 38 5 1
22 91 1 10 91 1
15 26 1 18 21 1
76 53 1 74 47 1
2 6 1 1 48 1
54 15 1 93 33 1
12 1 1 7 26 1
74 60 1 75 64 1
91 2 1 75 9 1
2 71 1 7 44 1
87 94 1 81 77 1