34 94 1 19 5 1
94 54 1 96 39 1
81 7 1 31 70 1
98 23 1 94 10 1
76 39 1 44 73 1
27 98 1 15 14 1
47 63 1 36 94 1
70 70 1 85 27 1
90 57 1 92 3 1
53 100 1 75 88 1
33 9 1 46 25 1
17 84 1 1 3 1
3 39 1 4 26 1
98 77 1 41 89 1
74 23 1 89 19 1
73 66 1 81 46 1
48 35 1 63 6 1
84 3 1 37 50 1
30 99 1 20 39 1
11 1 1 10 27 1
22 10 1 50 4 1
74 73 1 77 72 1
4 74 1 14 79 1
3 2 1 6 25 1
100 83 1 59 90 1
100 98 1 89 89 1
58 81 1 43 83 1
35 8 1 46 7 1
78 59 1 64 84 1
96 54 1 96 64 1
67 54 1 78 44 1
43 15 1 59 8 1
16 91 1 26 94 1
18 2 1 17 4 1
64 83 1 43 75 1
66 31 1 44 59 1
49 74 1 57 65 1
37 78 1 45 60 1
12 31 1 12 48 1
83 86 1 83 89 1
94 55 1 98 33 1
95 66 1 72 79 1
69 27 1 56 59 1
55 22 1 61 13 1
3 18 1 2 44 1
98 56 1 99 43 1
35 32 1 25 35 1
18 79 1 8 38 1
23 54 1 28 83 1