9 27 1 16 99 1
63 45 1 12 46 1
53 6 1 68 5 1
72 24 1 75 43 1
64 38 1 67 52 1
67 83 1 75 74 1
68 3 1 89 53 1
32 16 1 13 40 1
30 68 1 66 74 1
14 56 1 33 87 1
27 23 1 49 35 1
64 49 1 62 66 1
62 68 1 44 47 1
96 62 1 70 75 1
48 20 1 67 27 1
2 32 1 5 82 1
48 9 1 29 17 1
78 17 1 99 19 1
45 11 1 74 18 1
92 98 1 55 93 1
49 45 1 25 37 1
77 69 1 49 90 1
86 16 1 92 6 1
20 69 1 19 91 1
100 16 1 99 55 1
9 5 1 47 4 1
1 23 1 6 28 1
51 1 1 30 4 1
70 74 1 30 93 1
18 61 1 63 72 1
45 5 1 16 8 1
67 63 1 96 57 1
56 36 1 31 23 1
72 33 1 48 22 1
91 58 1 68 58 1
80 86 1 86 83 1
64 80 1 70 94 1
27 7 1 7 22 1
29 55 1 52 66 1
31 81 1 47 72 1
36 88 1 20 86 1
87 73 1 91 91 1
98 22 1 99 39 1
96 53 1 78 25 1
49 92 1 43 94 1
97 48 1 89 19 1
79 12 1 81 17 1
87 66 1 80 65 1
27 25 1 33 31 1
27 61 1 24 56 1