81 19 1 46 77 1
36 9 1 41 53 1
77 54 1 94 93 1
64 36 1 44 48 1
14 27 1 3 12 1
28 77 1 8 64 1
52 34 1 93 8 1
5 6 1 30 44 1
76 41 1 86 57 1
55 81 1 85 86 1
1 68 1 2 11 1
62 51 1 84 75 1
32 75 1 48 60 1
63 48 1 45 75 1
31 89 1 6 75 1
46 78 1 71 74 1
84 53 1 91 29 1
24 95 1 66 75 1
79 16 1 50 15 1
47 18 1 50 20 1
4 44 1 2 33 1
64 19 1 66 25 1
53 79 1 14 97 1
10 50 1 17 49 1
43 15 1 93 1 1
52 33 1 52 19 1
31 41 1 22 29 1
20 23 1 33 10 1
37 33 1 36 45 1
97 13 1 96 17 1
84 17 1 81 18 1
41 60 1 46 15 1