70 27 1 26 19 1
78 72 1 35 74 1
9 46 1 31 42 1
10 81 1 36 76 1
77 26 1 81 41 1
17 16 1 42 62 1
18 99 1 11 89 1
81 18 1 43 71 1
21 83 1 93 82 1
56 92 1 42 92 1
64 21 1 69 23 1
95 99 1 38 86 1
39 80 1 33 80 1
38 8 1 61 15 1
91 75 1 61 62 1
56 78 1 46 75 1
51 33 1 28 29 1
84 55 1 97 78 1
44 21 1 93 13 1
37 6 1 38 9 1
37 66 1 32 65 1
90 9 1 98 4 1
60 59 1 80 57 1
54 30 1 50 59 1
1 97 1 18 59 1
99 79 1 61 76 1
37 1 1 52 6 1
11 20 1 6 55 1
27 57 1 17 55 1
37 64 1 24 54 1
96 81 1 99 82 1
91 65 1 95 16 1
53 19 1 12 3 1