72 74 1 17 57 1
83 83 1 34 97 1
90 14 1 19 20 1
42 64 1 88 25 1
15 3 1 16 27 1
95 85 1 94 55 1
36 58 1 32 33 1
45 46 1 30 25 1
55 27 1 86 15 1
96 1 1 82 61 1
82 97 1 94 81 1
89 80 1 91 38 1
56 74 1 27 63 1
32 59 1 18 51 1
86 28 1 79 48 1
37 71 1 53 81 1
67 3 1 21 10 1
28 65 1 67 87 1
22 19 1 17 3 1
32 77 1 38 73 1
31 6 1 34 7 1
7 48 1 2 10 1
28 55 1 18 18 1
90 88 1 90 87 1
35 81 1 4 65 1
60 11 1 44 10 1
80 49 1 67 66 1
9 30 1 16 59 1
52 97 1 47 97 1
38 19 1 63 40 1
47 9 1 30 11 1
72 73 1 90 84 1
51 77 1 69 76 1
68 7 1 51 8 1