56 54 1 26 11 1
78 43 1 82 95 1
13 7 1 38 46 1
28 76 1 19 24 1
32 98 1 72 95 1
71 82 1 41 37 1
14 60 1 19 84 1
26 33 1 25 38 1
8 60 1 16 59 1
96 65 1 85 86 1
72 25 1 68 45 1
86 78 1 92 46 1
30 98 1 44 66 1
89 26 1 84 94 1
50 18 1 69 61 1
70 41 1 80 75 1
69 2 1 64 35 1
53 62 1 34 52 1
49 35 1 42 32 1
28 71 1 24 34 1
44 2 1 55 48 1
28 100 1 30 91 1
84 30 1 82 68 1
6 76 1 3 62 1
39 81 1 56 60 1
13 21 1 20 81 1
79 46 1 82 35 1
39 29 1 54 45 1
60 93 1 65 85 1
56 82 1 66 77 1
31 61 1 26 36 1
99 41 1 93 55 1
75 87 1 69 72 1
77 9 1 92 9 1
77 23 1 71 8 1