75 53 1 5 47 1
6 22 1 15 46 1
99 32 1 30 24 1
95 44 1 94 38 1
97 80 1 91 69 1
20 58 1 79 65 1
3 12 1 59 11 1
4 85 1 19 79 1
93 21 1 83 16 1
78 37 1 25 23 1
54 34 1 99 62 1
1 75 1 46 77 1
87 73 1 54 74 1
66 27 1 55 20 1
80 93 1 45 78 1
12 73 1 83 78 1
51 3 1 82 10 1
42 54 1 85 64 1
55 15 1 15 14 1
37 47 1 16 42 1
1 66 1 28 73 1
41 81 1 31 95 1
8 43 1 6 30 1
5 69 1 3 72 1
48 58 1 36 54 1
73 66 1 54 69 1
63 17 1 38 21 1
44 76 1 70 78 1
19 42 1 71 45 1
32 1 1 38 3 1
81 79 1 81 88 1
26 27 1 18 21 1
78 49 1 90 74 1
19 36 1 25 32 1
75 18 1 85 20 1
57 6 1 4 8 1