92 81 1 25 88 1
86 7 1 44 63 1
46 43 1 33 67 1
72 21 1 34 71 1
11 34 1 1 32 1
33 82 1 85 41 1
94 6 1 83 71 1
32 44 1 4 81 1
31 36 1 46 33 1
95 44 1 89 40 1
16 59 1 17 37 1
80 3 1 28 16 1
18 25 1 96 1 1
57 29 1 51 48 1
18 95 1 59 15 1
58 91 1 79 96 1
86 81 1 73 75 1
15 76 1 7 95 1
39 42 1 6 79 1
80 97 1 86 98 1
71 100 1 90 91 1
39 7 1 75 1 1
17 26 1 27 28 1
32 91 1 23 96 1
10 71 1 10 42 1
18 59 1 33 38 1
83 19 1 87 41 1
24 1 1 36 2 1
62 5 1 4 13 1
62 55 1 74 45 1
98 10 1 90 38 1
34 83 1 81 63 1
46 40 1 9 34 1
86 91 1 98 75 1
10 35 1 1 61 1
41 44 1 37 45 1
86 55 1 85 72 1