50 43 1 19 20 1
18 29 1 59 61 1
98 20 1 62 76 1
4 43 1 14 93 1
50 79 1 9 30 1
89 57 1 91 38 1
76 41 1 63 50 1
26 23 1 53 42 1
51 70 1 14 32 1
59 84 1 67 89 1
34 24 1 94 1 1
48 30 1 100 6 1
90 24 1 62 34 1
100 11 1 100 78 1
16 53 1 15 43 1
91 36 1 100 85 1
64 82 1 16 99 1
64 68 1 84 35 1
35 29 1 27 21 1
37 14 1 69 5 1
53 73 1 53 72 1
45 87 1 31 92 1
63 86 1 75 67 1
43 26 1 46 33 1
77 65 1 64 74 1
86 21 1 98 16 1
35 35 1 10 19 1
20 100 1 83 93 1
15 91 1 29 56 1
20 81 1 34 63 1
33 74 1 36 90 1
53 12 1 62 12 1
56 38 1 61 57 1
33 92 1 2 100 1
21 9 1 4 7 1
24 10 1 75 2 1
39 70 1 47 76 1
85 92 1 76 91 1