100 49 1 14 78 1
18 9 1 38 51 1
73 91 1 81 58 1
62 44 1 63 5 1
24 81 1 48 76 1
73 45 1 76 16 1
70 56 1 26 67 1
68 42 1 16 60 1
81 74 1 87 89 1
14 42 1 5 1 1
14 98 1 6 68 1
36 76 1 63 75 1
43 51 1 39 59 1
3 47 1 13 43 1
71 14 1 67 24 1
85 28 1 88 45 1
56 18 1 39 13 1
67 55 1 1 69 1
8 39 1 5 11 1
15 16 1 23 47 1
60 92 1 79 97 1
56 44 1 24 7 1
59 92 1 61 100 1
53 90 1 29 94 1
13 68 1 8 75 1
69 1 1 82 14 1
71 35 1 71 46 1
98 93 1 87 60 1
42 16 1 62 28 1
83 42 1 87 3 1
63 85 1 70 94 1
80 90 1 76 79 1
53 56 1 57 49 1
25 87 1 12 80 1
92 79 1 92 98 1
64 88 1 53 91 1
86 62 1 82 65 1
73 57 1 13 73 1
83 52 1 79 52 1