34 93 1 71 4 1
90 98 1 46 67 1
79 19 1 96 26 1
25 95 1 13 18 1
52 58 1 92 44 1
34 64 1 53 33 1
36 17 1 45 31 1
47 37 1 47 38 1
55 24 1 20 52 1
25 30 1 21 24 1
95 46 1 97 41 1
45 58 1 48 54 1
60 54 1 88 29 1
9 29 1 12 49 1
44 8 1 44 20 1
54 69 1 93 67 1
4 90 1 4 93 1
51 27 1 53 8 1
21 81 1 22 92 1
94 100 1 68 96 1
4 78 1 8 2 1
15 75 1 3 97 1
9 33 1 6 62 1
52 88 1 66 90 1
63 21 1 32 55 1
6 1 1 4 1 1
62 40 1 74 20 1
43 79 1 43 84 1
99 60 1 97 56 1
63 25 1 86 3 1
70 83 1 98 88 1
66 94 1 68 98 1
29 5 1 36 15 1
7 4 1 4 60 1
22 59 1 33 94 1
16 2 1 24 25 1
58 78 1 63 88 1
64 68 1 94 45 1
90 18 1 87 16 1
79 14 1 64 29 1