75 93 1 57 74 1
46 6 1 50 89 1
18 29 1 15 56 1
75 4 1 88 66 1
39 27 1 37 72 1
77 35 1 70 19 1
1 86 1 41 72 1
78 32 1 93 87 1
33 28 1 22 28 1
24 50 1 4 66 1
8 29 1 6 45 1
72 25 1 78 71 1
63 95 1 94 94 1
48 70 1 18 87 1
72 6 1 82 54 1
5 68 1 31 51 1
50 46 1 59 50 1
39 47 1 42 65 1
73 26 1 91 94 1
47 11 1 70 28 1
18 99 1 28 99 1
36 19 1 46 29 1
85 43 1 91 47 1
8 28 1 2 46 1
51 95 1 48 96 1
9 2 1 31 16 1
61 64 1 76 92 1
40 97 1 28 92 1
66 41 1 72 58 1
21 28 1 9 19 1
35 33 1 35 50 1
89 92 1 74 86 1
68 61 1 57 24 1
35 5 1 12 1 1
61 89 1 56 94 1
3 20 1 8 15 1
29 97 1 87 99 1
30 62 1 36 69 1
96 73 1 94 89 1
79 23 1 88 5 1
99 93 1 95 13 1