48 68 1 64 43 1
55 97 1 20 46 1
50 21 1 61 6 1
33 27 1 8 28 1
80 56 1 66 73 1
67 79 1 36 62 1
13 16 1 41 12 1
54 28 1 45 61 1
85 37 1 80 93 1
4 22 1 29 61 1
70 59 1 58 54 1
23 74 1 1 48 1
100 90 1 99 28 1
99 32 1 95 67 1
20 42 1 95 11 1
80 44 1 73 40 1
96 92 1 93 59 1
87 72 1 90 74 1
24 17 1 13 27 1
38 2 1 25 5 1
11 57 1 6 35 1
16 52 1 30 76 1
90 59 1 84 23 1
82 2 1 80 13 1
44 68 1 55 96 1
64 1 1 60 13 1
6 76 1 57 100 1
70 45 1 59 39 1
20 100 1 30 99 1
44 47 1 50 35 1
57 34 1 83 53 1
56 97 1 74 90 1
15 83 1 11 93 1
6 17 1 34 9 1
87 52 1 82 72 1
96 10 1 95 41 1
30 23 1 18 26 1
22 5 1 23 4 1
14 63 1 11 59 1
36 72 1 42 88 1
48 3 1 59 5 1
59 33 1 93 12 1