90 80 1 82 100 1
85 69 1 1 92 1
39 71 1 29 22 1
56 55 1 34 6 1
18 42 1 36 77 1
79 47 1 92 56 1
23 40 1 30 59 1
49 64 1 71 55 1
58 19 1 57 33 1
67 55 1 61 36 1
62 94 1 52 82 1
15 56 1 14 36 1
37 94 1 23 92 1
12 10 1 9 18 1
80 42 1 82 3 1
8 48 1 7 11 1
26 12 1 8 2 1
28 44 1 33 60 1
65 10 1 69 38 1
61 6 1 78 11 1
11 68 1 17 64 1
51 64 1 62 63 1
1 49 1 6 56 1
17 11 1 13 15 1
26 77 1 21 61 1
76 76 1 92 80 1
6 80 1 9 43 1
24 19 1 15 23 1
84 25 1 94 11 1
85 90 1 86 82 1
94 58 1 91 94 1
56 77 1 55 83 1
91 63 1 58 69 1
17 95 1 57 100 1
45 39 1 37 59 1
81 84 1 60 81 1
64 24 1 42 2 1
68 28 1 83 55 1
93 24 1 98 50 1
94 20 1 96 14 1
27 23 1 16 23 1
96 51 1 88 71 1
96 41 1 86 24 1