98 88 1 60 18 1
16 35 1 35 24 1
38 73 1 33 63 1
31 8 1 56 69 1
55 88 1 7 64 1
56 83 1 96 97 1
49 1 1 86 69 1
31 36 1 50 59 1
63 7 1 89 29 1
47 8 1 44 19 1
15 46 1 24 55 1
33 57 1 49 79 1
12 62 1 23 57 1
100 77 1 95 10 1
32 47 1 24 35 1
35 73 1 19 41 1
63 51 1 49 46 1
27 50 1 53 63 1
96 79 1 95 52 1
60 47 1 63 50 1
21 79 1 33 83 1
93 36 1 81 53 1
62 20 1 70 19 1
28 100 1 3 65 1
60 80 1 54 53 1
23 88 1 46 96 1
29 11 1 47 49 1
18 43 1 16 41 1
3 5 1 29 20 1
87 34 1 89 30 1
61 81 1 83 72 1
79 26 1 88 43 1
79 98 1 78 92 1
7 24 1 21 18 1
67 47 1 66 51 1
66 56 1 67 58 1
76 94 1 47 81 1
8 34 1 17 44 1
70 68 1 69 43 1
73 68 1 78 61 1
29 76 1 51 95 1
90 84 1 84 82 1
75 45 1 75 27 1
79 83 1 49 81 1