32 49 1 100 96 1
44 30 1 60 66 1
77 58 1 62 59 1
37 8 1 80 47 1
2 57 1 39 68 1
18 15 1 7 6 1
63 85 1 50 86 1
11 51 1 6 49 1
29 91 1 33 99 1
81 100 1 31 49 1
7 87 1 26 93 1
18 1 1 22 62 1
2 83 1 4 91 1
46 95 1 36 85 1
73 37 1 79 42 1
82 89 1 61 70 1
96 5 1 77 40 1
40 52 1 21 22 1
87 96 1 93 96 1
9 11 1 4 39 1
84 72 1 83 74 1
43 18 1 34 32 1
16 64 1 52 92 1
90 34 1 88 49 1
97 90 1 60 30 1
96 34 1 93 21 1
56 15 1 56 11 1
85 11 1 75 12 1
8 7 1 6 8 1
11 85 1 30 77 1
49 79 1 38 79 1
80 8 1 69 15 1
47 31 1 74 54 1
96 48 1 97 75 1
67 2 1 63 6 1
26 13 1 31 14 1
20 36 1 12 43 1
63 68 1 87 80 1
12 17 1 15 35 1
53 4 1 41 11 1
17 39 1 12 57 1
68 30 1 55 9 1
39 39 1 44 36 1
99 80 1 90 77 1
95 60 1 96 62 1