38 34 1 70 71 1
10 36 1 36 36 1
98 80 1 86 41 1
59 84 1 94 90 1
49 95 1 18 86 1
55 94 1 24 73 1
22 25 1 44 14 1
45 31 1 82 27 1
28 9 1 7 16 1
71 77 1 41 43 1
87 17 1 98 74 1
44 49 1 13 64 1
94 5 1 44 31 1
66 65 1 96 81 1
3 10 1 16 88 1
58 25 1 92 7 1
45 64 1 45 80 1
6 34 1 2 100 1
62 41 1 68 34 1
60 73 1 52 90 1
78 53 1 50 45 1
78 3 1 48 4 1
85 31 1 79 21 1
8 32 1 39 33 1
78 6 1 35 5 1
36 3 1 7 12 1
39 37 1 18 40 1
36 35 1 80 6 1
99 63 1 99 64 1
92 41 1 93 17 1
80 94 1 82 100 1
62 99 1 34 99 1
80 88 1 59 95 1
63 96 1 42 96 1
82 42 1 74 32 1
14 96 1 4 96 1
90 93 1 92 100 1
23 22 1 11 31 1
79 53 1 80 53 1
20 25 1 24 28 1
14 53 1 31 50 1
10 66 1 12 95 1
97 55 1 98 55 1
52 38 1 66 47 1
94 48 1 100 17 1
3 61 1 2 92 1