99 35 1 25 94 1
82 20 1 21 78 1
16 37 1 76 18 1
13 17 1 65 7 1
51 96 1 52 79 1
76 29 1 28 80 1
18 79 1 7 38 1
51 68 1 79 39 1
19 56 1 46 46 1
89 82 1 68 80 1
48 67 1 32 84 1
54 21 1 76 1 1
12 43 1 5 27 1
45 92 1 23 98 1
41 36 1 37 41 1
25 63 1 15 64 1
67 54 1 83 44 1
4 81 1 20 80 1
93 83 1 71 61 1
56 17 1 17 29 1
70 91 1 66 83 1
53 47 1 76 20 1
84 70 1 73 57 1
3 29 1 11 4 1
80 27 1 35 85 1
96 79 1 88 98 1
53 94 1 53 97 1
89 60 1 95 81 1
66 44 1 10 100 1
43 35 1 57 31 1
16 21 1 14 56 1
97 31 1 100 19 1
37 24 1 91 15 1
29 18 1 22 25 1
11 30 1 14 10 1
9 17 1 13 3 1
20 13 1 67 5 1
94 61 1 89 55 1
74 65 1 60 84 1
77 19 1 79 22 1
62 33 1 55 36 1
89 49 1 79 62 1
32 96 1 35 95 1
1 59 1 4 40 1
43 27 1 21 31 1
2 52 1 3 8 1
60 20 1 68 9 1