52 1 1 68 10 1
4 58 1 3 57 1
33 58 1 2 22 1
27 8 1 44 71 1
91 37 1 32 23 1
39 10 1 83 25 1
77 25 1 60 29 1
16 58 1 33 80 1
77 92 1 41 93 1
94 60 1 5 99 1
99 59 1 59 63 1
66 61 1 94 58 1
55 63 1 97 47 1
55 34 1 61 36 1
42 57 1 52 64 1
8 30 1 8 52 1
96 35 1 100 50 1
25 34 1 6 12 1
56 46 1 88 48 1
1 12 1 2 70 1
20 66 1 13 80 1
21 2 1 10 7 1
54 40 1 52 42 1
30 70 1 11 40 1
83 12 1 97 44 1
56 1 1 100 11 1
33 63 1 41 78 1
63 57 1 68 58 1
64 66 1 54 74 1
12 2 1 7 5 1
3 94 1 4 71 1
89 47 1 52 45 1
83 79 1 13 100 1
87 75 1 90 83 1
26 59 1 39 58 1
84 97 1 75 93 1
69 82 1 39 86 1
93 81 1 88 94 1
71 93 1 68 98 1
36 77 1 17 44 1
66 77 1 66 80 1
65 58 1 58 61 1
6 17 1 34 43 1
1 6 1 18 18 1
92 61 1 95 100 1
14 82 1 16 87 1
98 82 1 97 77 1
35 23 1 65 22 1