98 13 1 44 78 1
47 5 1 9 70 1
30 59 1 36 95 1
88 39 1 99 84 1
41 12 1 1 44 1
12 26 1 22 9 1
45 61 1 55 14 1
85 40 1 94 27 1
39 94 1 98 97 1
30 57 1 18 82 1
81 75 1 89 93 1
70 86 1 55 78 1
7 85 1 17 77 1
12 72 1 31 35 1
95 16 1 75 11 1
85 37 1 56 77 1
5 45 1 8 78 1
66 40 1 51 54 1
60 7 1 30 38 1
33 47 1 46 69 1
87 56 1 77 63 1
6 25 1 12 3 1
78 4 1 60 8 1
34 19 1 33 22 1
87 66 1 82 77 1
53 39 1 77 19 1
69 64 1 77 56 1
7 96 1 15 91 1
76 70 1 82 70 1
69 56 1 87 34 1
77 44 1 53 78 1
65 32 1 47 60 1
100 15 1 96 20 1
99 17 1 93 25 1
42 81 1 62 92 1
54 81 1 57 87 1
49 85 1 36 89 1
28 53 1 39 59 1
39 50 1 46 49 1
36 47 1 36 45 1
26 89 1 29 62 1
6 33 1 1 42 1
71 65 1 79 60 1
66 45 1 57 60 1
38 33 1 22 59 1
75 88 1 73 94 1
50 97 1 89 98 1
96 1 1 20 5 1
63 45 1 55 57 1