15 21 1 67 40 1
45 86 1 84 48 1
58 8 1 98 39 1
69 92 1 89 67 1
26 3 1 95 12 1
1 41 1 43 49 1
26 59 1 27 73 1
9 68 1 4 95 1
100 41 1 26 14 1
39 40 1 92 44 1
31 56 1 8 57 1
62 88 1 72 97 1
55 46 1 33 87 1
88 89 1 89 81 1
41 27 1 1 8 1
24 16 1 68 32 1
47 2 1 89 10 1
91 93 1 90 62 1
30 70 1 32 56 1
56 85 1 72 77 1
35 81 1 28 86 1
48 46 1 13 93 1
93 63 1 97 81 1
98 63 1 99 56 1
50 55 1 22 83 1
2 74 1 3 90 1
17 3 1 39 15 1
40 9 1 73 27 1
45 77 1 30 91 1
92 59 1 61 76 1
86 40 1 89 42 1
8 22 1 6 16 1
52 97 1 55 96 1
13 48 1 17 46 1
93 46 1 94 49 1
85 9 1 92 9 1
43 21 1 38 20 1
87 25 1 97 15 1
97 87 1 100 79 1
28 43 1 29 33 1
41 51 1 24 46 1
42 76 1 65 59 1
17 81 1 14 81 1
72 30 1 35 12 1
5 24 1 24 45 1
17 49 1 14 55 1
53 3 1 65 5 1
90 36 1 68 18 1
18 90 1 40 94 1
28 14 1 10 12 1