26 80 1 35 6 1
90 100 1 82 63 1
65 24 1 97 87 1
46 9 1 59 32 1
5 64 1 24 19 1
46 3 1 4 5 1
45 27 1 38 60 1
43 47 1 77 55 1
24 60 1 22 71 1
69 24 1 92 16 1
80 90 1 42 62 1
30 96 1 32 54 1
51 51 1 38 63 1
99 29 1 71 24 1
50 36 1 60 32 1
11 93 1 7 83 1
100 31 1 93 28 1
63 1 1 86 12 1
66 16 1 70 21 1
24 73 1 26 95 1
69 97 1 69 98 1
99 32 1 77 37 1
32 66 1 35 65 1
10 74 1 22 55 1
58 55 1 47 57 1
80 27 1 69 30 1
45 35 1 54 42 1
84 49 1 99 70 1
20 86 1 17 63 1
70 97 1 44 91 1