84 85 1 46 67 1
67 12 1 57 18 1
75 3 1 54 67 1
4 66 1 23 2 1
71 47 1 78 30 1
71 77 1 58 56 1
97 41 1 93 68 1
47 79 1 31 81 1
73 83 1 64 100 1
42 93 1 62 95 1
49 35 1 38 64 1
82 65 1 100 88 1
48 8 1 42 25 1
68 58 1 66 34 1
93 39 1 85 21 1
66 99 1 93 88 1
64 89 1 60 90 1
50 57 1 63 17 1
17 45 1 11 58 1
26 96 1 31 83 1
57 7 1 37 62 1
69 29 1 81 10 1
51 41 1 47 61 1
73 94 1 90 81 1
26 64 1 10 85 1
3 68 1 12 31 1
45 68 1 16 54 1
29 20 1 33 33 1
55 78 1 41 81 1
1 29 1 6 13 1
66 14 1 73 8 1