36 28 1 27 34 1
64 15 1 73 48 1
9 56 1 8 60 1
7 43 1 22 28 1
67 74 1 71 42 1
54 89 1 79 82 1
44 82 1 25 80 1
62 59 1 56 36 1
73 90 1 94 80 1
57 42 1 15 85 1
6 20 1 1 99 1
46 27 1 68 9 1
43 18 1 45 52 1
32 93 1 96 92 1
31 39 1 27 70 1
12 93 1 10 83 1
93 74 1 86 1 1
40 34 1 40 58 1
67 53 1 49 85 1
26 7 1 18 55 1
84 10 1 75 69 1
53 12 1 80 5 1
81 28 1 76 59 1
24 3 1 52 22 1
24 12 1 10 9 1
7 62 1 24 63 1
20 91 1 39 98 1
98 75 1 40 91 1
84 86 1 99 82 1
88 53 1 78 55 1
31 37 1 38 46 1
57 43 1 56 52 1