14 36 1 99 12 1
54 58 1 67 76 1
46 55 1 43 60 1
71 26 1 31 82 1
54 31 1 27 56 1
96 61 1 81 54 1
35 29 1 22 3 1
64 70 1 87 100 1
20 85 1 28 61 1
10 98 1 63 75 1
22 15 1 25 25 1
15 55 1 15 40 1
3 12 1 12 53 1
38 62 1 28 69 1
36 81 1 52 72 1
54 56 1 90 27 1
14 93 1 43 75 1
72 13 1 29 6 1
43 44 1 61 26 1
57 55 1 71 65 1
17 84 1 32 33 1
70 70 1 93 26 1
3 45 1 18 88 1
92 55 1 95 52 1
65 17 1 94 7 1
93 24 1 82 30 1
47 100 1 53 85 1
2 72 1 9 93 1
43 37 1 34 40 1
24 2 1 49 4 1
8 65 1 7 63 1
79 81 1 98 78 1
41 55 1 33 78 1