79 91 1 57 89 1
83 83 1 78 13 1
35 54 1 4 90 1
40 81 1 33 94 1
47 53 1 27 16 1
46 100 1 75 48 1
91 87 1 91 28 1
19 24 1 52 77 1
55 82 1 32 78 1
58 3 1 54 56 1
99 42 1 100 47 1
25 5 1 12 34 1
54 69 1 63 6 1
67 27 1 52 81 1
16 35 1 14 33 1
2 37 1 4 13 1
32 51 1 8 45 1
83 3 1 96 23 1
96 22 1 91 1 1
17 12 1 3 57 1
9 48 1 19 54 1
71 55 1 66 53 1
97 24 1 98 56 1
17 79 1 15 85 1
68 20 1 65 42 1
37 7 1 40 19 1
66 12 1 79 32 1
16 91 1 22 77 1
6 37 1 6 16 1
100 100 1 75 99 1
52 47 1 23 11 1
71 86 1 67 82 1
83 67 1 83 76 1
14 99 1 40 97 1