12 74 1 50 24 1
51 44 1 84 36 1
80 72 1 96 55 1
15 9 1 87 13 1
26 6 1 44 1 1
75 85 1 83 42 1
21 64 1 47 46 1
66 77 1 39 60 1
23 66 1 50 77 1
20 19 1 4 35 1
10 81 1 89 95 1
15 26 1 4 87 1
95 30 1 43 44 1
4 73 1 6 34 1
16 39 1 61 13 1
24 51 1 28 40 1
94 16 1 93 20 1
26 14 1 3 18 1
14 71 1 45 27 1
75 98 1 20 94 1
89 17 1 57 12 1
28 4 1 13 5 1
74 33 1 85 19 1
3 92 1 44 92 1
97 74 1 98 17 1
52 24 1 42 36 1
15 8 1 49 5 1
9 41 1 8 57 1
86 1 1 97 5 1
8 78 1 56 88 1
78 54 1 74 71 1
41 66 1 42 69 1
32 96 1 47 100 1
27 38 1 23 45 1
54 85 1 74 85 1