49 5 1 38 50 1
48 96 1 44 79 1
44 74 1 100 32 1
28 47 1 31 41 1
61 4 1 58 23 1
94 58 1 100 48 1
18 80 1 53 40 1
72 68 1 80 96 1
57 37 1 18 81 1
65 77 1 54 79 1
99 25 1 60 34 1
91 90 1 88 44 1
40 74 1 66 100 1
42 12 1 40 13 1
15 67 1 33 18 1
73 35 1 88 39 1
30 46 1 18 69 1
47 80 1 36 61 1
23 33 1 11 23 1
8 89 1 11 96 1
73 30 1 98 4 1
78 55 1 68 66 1
67 76 1 54 71 1
59 61 1 76 45 1
8 71 1 10 20 1
17 51 1 6 95 1
19 44 1 36 2 1
46 50 1 61 55 1
50 37 1 90 11 1
83 31 1 59 38 1
8 49 1 2 96 1
83 86 1 88 93 1
63 45 1 65 55 1
82 16 1 62 22 1
82 88 1 91 100 1
32 30 1 39 11 1