39 47 1 31 47 1
86 78 1 65 29 1
44 73 1 63 53 1
5 97 1 58 96 1
42 1 1 67 58 1
21 21 1 6 96 1
15 9 1 35 41 1
65 28 1 79 26 1
80 56 1 87 47 1
28 87 1 74 53 1
39 24 1 49 51 1
97 20 1 87 72 1
80 92 1 62 82 1
25 73 1 44 51 1
45 6 1 87 20 1
8 92 1 16 53 1
84 98 1 18 89 1
28 61 1 30 56 1
5 83 1 10 73 1
48 51 1 33 19 1
22 53 1 25 77 1
83 4 1 66 6 1
74 32 1 73 29 1
61 15 1 56 15 1
80 45 1 72 37 1
10 8 1 5 76 1
37 85 1 59 82 1
22 80 1 55 61 1
14 50 1 7 73 1
52 61 1 9 88 1
46 9 1 61 35 1
2 7 1 3 65 1
73 76 1 34 83 1
48 37 1 51 32 1
99 75 1 80 87 1
98 13 1 100 18 1
27 75 1 42 61 1