88 3 1 26 91 1
84 8 1 33 69 1
38 94 1 46 81 1
67 85 1 97 36 1
41 83 1 76 45 1
22 12 1 9 15 1
11 19 1 9 52 1
9 77 1 17 41 1
43 21 1 50 35 1
47 33 1 22 31 1
51 35 1 71 19 1
73 61 1 97 21 1
43 49 1 35 41 1
34 8 1 44 15 1
61 77 1 30 100 1
28 44 1 17 93 1
18 51 1 20 74 1
67 37 1 90 13 1
67 54 1 31 93 1
40 2 1 41 9 1
38 64 1 12 100 1
47 95 1 72 71 1
97 48 1 100 5 1
12 42 1 26 32 1
26 36 1 20 63 1
4 91 1 2 12 1
5 99 1 2 8 1
90 92 1 100 30 1
30 7 1 35 16 1
62 46 1 36 77 1
12 53 1 7 76 1
50 24 1 57 28 1
96 7 1 38 83 1
8 47 1 6 99 1
39 74 1 53 58 1
72 54 1 54 76 1
97 95 1 97 68 1
25 28 1 38 28 1