100 32 1 76 20 1
25 51 1 99 74 1
41 31 1 54 56 1
33 12 1 36 43 1
53 59 1 91 54 1
14 94 1 27 37 1
61 73 1 46 80 1
14 95 1 10 37 1
76 75 1 60 83 1
36 100 1 16 90 1
76 71 1 87 83 1
64 43 1 48 43 1
61 88 1 86 90 1
11 18 1 3 7 1
35 58 1 29 69 1
22 37 1 17 59 1
65 31 1 81 40 1
32 7 1 59 28 1
98 100 1 23 78 1
78 12 1 44 1 1
84 54 1 78 45 1
64 12 1 61 31 1
55 72 1 43 57 1
28 30 1 3 18 1
42 97 1 39 93 1
77 99 1 82 99 1
81 27 1 73 23 1
25 77 1 32 78 1
25 87 1 53 89 1
34 27 1 17 18 1
95 31 1 79 43 1
43 49 1 36 39 1
69 95 1 88 98 1
83 38 1 69 24 1
82 44 1 51 47 1
2 10 1 4 47 1
12 28 1 3 19 1
48 78 1 32 79 1
100 60 1 96 73 1