47 27 1 32 100 1
36 16 1 78 48 1
77 95 1 94 19 1
77 17 1 56 16 1
94 40 1 95 91 1
59 83 1 63 46 1
28 32 1 22 1 1
9 41 1 20 38 1
6 84 1 37 51 1
40 24 1 18 66 1
53 27 1 56 20 1
68 54 1 74 94 1
11 12 1 4 76 1
64 63 1 67 52 1
97 12 1 83 10 1
15 33 1 10 2 1
13 87 1 18 99 1
22 78 1 10 86 1
46 68 1 44 73 1
1 48 1 1 43 1
78 52 1 80 7 1
1 4 1 1 17 1
19 41 1 8 78 1
90 1 1 32 7 1
78 34 1 59 29 1
38 80 1 44 94 1
82 46 1 81 38 1
1 89 1 2 28 1
81 10 1 84 63 1
93 1 1 58 11 1
24 64 1 30 55 1
46 80 1 37 76 1
3 72 1 2 89 1
58 90 1 56 77 1
24 9 1 31 10 1
68 63 1 63 82 1
24 20 1 23 26 1
89 92 1 85 66 1
75 98 1 74 92 1
27 44 1 33 21 1