36 22 1 59 36 1
10 16 1 60 55 1
79 25 1 49 86 1
89 96 1 78 54 1
36 91 1 45 98 1
44 72 1 46 92 1
18 72 1 45 65 1
57 69 1 8 50 1
52 86 1 55 83 1
40 91 1 43 87 1
12 9 1 71 32 1
47 65 1 30 54 1
40 53 1 31 39 1
11 60 1 24 89 1
63 13 1 30 10 1
74 48 1 84 40 1
70 70 1 78 90 1
86 75 1 85 69 1
79 11 1 100 74 1
15 29 1 21 44 1
52 20 1 63 25 1
99 16 1 99 12 1
43 57 1 2 36 1
20 90 1 8 100 1
70 80 1 57 95 1
48 62 1 37 58 1
90 26 1 89 12 1
75 32 1 64 55 1
99 87 1 90 46 1
12 18 1 51 60 1
94 8 1 35 5 1
54 97 1 59 87 1
72 88 1 64 98 1
53 72 1 48 81 1
94 3 1 56 2 1
13 48 1 8 42 1
54 43 1 32 29 1
93 68 1 85 50 1
6 54 1 2 39 1
30 6 1 45 2 1
1 11 1 58 42 1