16 86 1 56 24 1
97 19 1 58 78 1
25 41 1 9 28 1
16 79 1 1 54 1
47 79 1 83 96 1
21 2 1 41 13 1
49 6 1 47 16 1
30 23 1 64 14 1
25 12 1 6 4 1
39 95 1 46 54 1
75 78 1 97 22 1
34 47 1 52 25 1
11 35 1 9 47 1
54 74 1 78 6 1
72 1 1 63 2 1
69 100 1 36 98 1
27 10 1 18 32 1
95 19 1 77 15 1
55 25 1 49 33 1
61 85 1 85 89 1
45 52 1 27 97 1
85 66 1 100 12 1
6 52 1 12 64 1
59 7 1 56 11 1
39 52 1 55 44 1
8 93 1 16 87 1
44 63 1 40 82 1
75 7 1 33 34 1
61 19 1 59 34 1
96 29 1 99 47 1
95 99 1 38 98 1
7 84 1 14 84 1
91 45 1 88 76 1
12 18 1 20 13 1
24 34 1 41 24 1
18 67 1 16 38 1
97 3 1 71 2 1
1 64 1 7 66 1
50 85 1 51 92 1
85 26 1 91 25 1
95 92 1 94 54 1
3 6 1 5 42 1