80 88 1 49 33 1
68 95 1 12 52 1
26 22 1 16 53 1
96 67 1 74 1 1
28 32 1 32 64 1
51 25 1 68 36 1
51 8 1 22 23 1
43 42 1 42 56 1
33 70 1 27 94 1
71 1 1 72 25 1
4 93 1 5 36 1
63 72 1 37 16 1
7 45 1 32 1 1
91 83 1 76 50 1
10 24 1 3 24 1
68 37 1 94 96 1
39 66 1 46 70 1
69 78 1 42 74 1
90 39 1 100 47 1
2 99 1 49 90 1
28 67 1 11 81 1
67 27 1 82 54 1
11 38 1 20 26 1
99 43 1 88 4 1
78 83 1 74 68 1
42 29 1 53 71 1
81 38 1 85 63 1
80 33 1 74 8 1
77 26 1 78 34 1
79 53 1 54 13 1
78 63 1 63 53 1
27 100 1 59 100 1
21 7 1 7 10 1
11 68 1 6 70 1
86 38 1 95 75 1
60 26 1 57 24 1
51 43 1 82 95 1
84 10 1 85 6 1
10 73 1 20 73 1
19 69 1 7 57 1
20 95 1 6 88 1
68 40 1 46 23 1
96 26 1 96 17 1