47 40 1 53 81 1
27 41 1 70 38 1
7 34 1 12 82 1
57 21 1 90 56 1
9 13 1 12 5 1
24 94 1 18 89 1
46 90 1 3 98 1
54 48 1 76 94 1
4 33 1 94 9 1
47 16 1 66 12 1
44 41 1 9 52 1
83 65 1 65 41 1
13 10 1 2 29 1
73 91 1 17 100 1
52 43 1 85 88 1
41 64 1 22 62 1
71 54 1 87 78 1
84 51 1 93 67 1
71 45 1 79 57 1
69 5 1 96 6 1
68 34 1 47 32 1
15 6 1 37 16 1
80 27 1 92 30 1
87 72 1 89 70 1
93 7 1 8 30 1
35 8 1 42 10 1
24 64 1 44 74 1
96 22 1 100 95 1
41 34 1 40 27 1
26 97 1 62 92 1
23 81 1 29 85 1
13 13 1 33 16 1
23 95 1 53 92 1
29 52 1 48 50 1
17 69 1 52 81 1
52 65 1 54 82 1
11 42 1 38 38 1
66 81 1 45 89 1
3 62 1 2 63 1
71 31 1 76 15 1
45 98 1 85 97 1
32 30 1 39 29 1
29 73 1 10 56 1
87 2 1 31 7 1