96 41 1 14 17 1
14 66 1 8 40 1
53 55 1 91 92 1
43 75 1 42 61 1
28 40 1 47 46 1
1 61 1 14 3 1
32 13 1 82 9 1
70 95 1 34 82 1
38 54 1 77 87 1
89 97 1 2 69 1
50 62 1 61 33 1
96 39 1 54 28 1
55 4 1 24 9 1
16 99 1 42 98 1
1 24 1 14 1 1
73 12 1 68 25 1
46 94 1 25 84 1
45 75 1 36 78 1
52 48 1 22 50 1
78 83 1 67 77 1
62 41 1 97 85 1
26 75 1 40 62 1
96 99 1 94 84 1
5 32 1 11 13 1
14 2 1 31 16 1
86 96 1 87 89 1
97 63 1 100 23 1
17 81 1 9 91 1
44 36 1 61 32 1
77 58 1 97 70 1
9 94 1 18 80 1
13 29 1 6 40 1
95 38 1 82 8 1
37 50 1 17 66 1
93 48 1 75 55 1
94 12 1 91 1 1
14 34 1 11 42 1
70 12 1 34 19 1
69 27 1 41 22 1
48 42 1 14 38 1
63 93 1 39 84 1
31 91 1 11 100 1
60 37 1 66 44 1
4 95 1 7 72 1
62 55 1 73 68 1