57 90 1 5 91 1
54 39 1 29 42 1
90 32 1 89 84 1
45 48 1 9 76 1
55 69 1 79 63 1
70 21 1 62 13 1
71 30 1 77 31 1
90 29 1 46 12 1
24 79 1 18 86 1
9 30 1 29 5 1
69 33 1 83 32 1
26 41 1 21 63 1
67 26 1 68 29 1
30 80 1 77 36 1
45 80 1 67 72 1
61 83 1 81 92 1
98 25 1 36 2 1
83 92 1 89 49 1
24 70 1 3 82 1
10 28 1 21 11 1
22 57 1 23 47 1
17 24 1 9 67 1
1 78 1 3 46 1
55 63 1 26 84 1
30 30 1 49 7 1
2 70 1 10 44 1
43 59 1 40 59 1
62 53 1 84 36 1
32 4 1 22 15 1
50 45 1 40 68 1
99 39 1 100 41 1
24 39 1 28 16 1
43 97 1 81 98 1
99 78 1 97 64 1
1 23 1 1 22 1
68 34 1 52 41 1
18 61 1 3 76 1
21 57 1 12 58 1
45 47 1 22 60 1
37 33 1 57 23 1
92 97 1 53 97 1
26 97 1 8 96 1
47 95 1 98 92 1
92 61 1 94 27 1
43 83 1 86 64 1
94 38 1 97 63 1