80 37 1 84 61 1
87 84 1 1 18 1
83 68 1 29 7 1
98 93 1 52 76 1
89 31 1 60 10 1
87 78 1 92 12 1
34 48 1 13 71 1
86 76 1 58 50 1
23 86 1 3 66 1
45 73 1 34 73 1
2 4 1 54 6 1
21 33 1 80 78 1
76 52 1 39 13 1
91 60 1 94 36 1
20 77 1 41 81 1
54 74 1 53 69 1
23 22 1 86 79 1
16 28 1 26 19 1
31 81 1 24 81 1
24 60 1 37 57 1
61 23 1 55 3 1
13 91 1 32 83 1
23 6 1 44 8 1
60 19 1 80 56 1
62 85 1 21 76 1
1 2 1 11 25 1
46 21 1 86 68 1
27 46 1 16 64 1
80 54 1 66 27 1
84 88 1 75 94 1
8 26 1 11 29 1
37 58 1 23 64 1
20 65 1 72 80 1
58 71 1 55 69 1
23 97 1 80 98 1
64 84 1 56 93 1
37 21 1 8 8 1
52 33 1 56 46 1
32 36 1 28 33 1
2 98 1 4 74 1
22 47 1 16 63 1
52 46 1 31 25 1
55 96 1 55 94 1
89 85 1 98 17 1
9 29 1 9 51 1
23 81 1 47 83 1
19 93 1 52 91 1