45 87 1 75 75 1
21 1 1 75 19 1
46 52 1 94 28 1
84 23 1 6 8 1
77 79 1 84 56 1
77 25 1 15 35 1
26 67 1 48 81 1
56 80 1 14 39 1
31 75 1 13 72 1
99 26 1 76 9 1
15 30 1 9 55 1
78 16 1 71 11 1
84 47 1 81 47 1
21 47 1 15 41 1
18 96 1 39 96 1
27 70 1 2 65 1
40 89 1 75 99 1
26 87 1 9 100 1
52 35 1 27 34 1
60 56 1 82 50 1
68 92 1 93 59 1
89 52 1 47 67 1
78 80 1 97 65 1
39 63 1 97 39 1
23 17 1 3 15 1
44 21 1 36 14 1
100 97 1 98 30 1
77 61 1 63 74 1
80 27 1 56 37 1
17 28 1 2 37 1
24 77 1 4 71 1
81 83 1 95 69 1
35 5 1 61 9 1
79 21 1 61 7 1
95 78 1 79 92 1
10 65 1 12 62 1
71 46 1 78 40 1
66 96 1 2 75 1
17 46 1 37 64 1
75 5 1 63 7 1
83 5 1 56 2 1
18 8 1 21 8 1
7 8 1 21 9 1
86 50 1 88 46 1
20 62 1 33 64 1
28 91 1 37 92 1
48 38 1 68 29 1
12 7 1 6 6 1