74 35 1 72 71 1
14 38 1 38 3 1
53 44 1 77 100 1
20 11 1 7 3 1
68 34 1 41 27 1
54 85 1 20 73 1
31 58 1 54 42 1
51 26 1 88 22 1
36 15 1 24 45 1
1 44 1 34 97 1
94 60 1 80 95 1
31 92 1 47 89 1
31 69 1 62 68 1
79 61 1 89 49 1
23 67 1 31 74 1
58 2 1 38 30 1
68 82 1 64 99 1
81 5 1 88 17 1
24 67 1 22 58 1
22 71 1 6 31 1
78 39 1 84 54 1
40 58 1 33 61 1
11 87 1 10 69 1
26 12 1 4 27 1
48 33 1 30 42 1
38 74 1 55 78 1
75 55 1 82 84 1
21 100 1 13 65 1
57 21 1 58 25 1
38 11 1 25 29 1
57 34 1 32 53 1
85 41 1 99 30 1
42 83 1 58 88 1
38 9 1 19 37 1
58 1 1 36 25 1
56 47 1 64 39 1
3 4 1 6 22 1
49 22 1 53 11 1
51 88 1 40 90 1
96 56 1 97 63 1
76 33 1 68 35 1
56 13 1 86 2 1
86 15 1 70 21 1
96 13 1 84 43 1
64 97 1 35 96 1
92 99 1 96 39 1
45 27 1 80 30 1
62 37 1 54 44 1
30 68 1 26 53 1