85 36 1 35 2 1
54 44 1 26 16 1
90 99 1 95 25 1
9 56 1 29 97 1
54 84 1 31 98 1
70 77 1 57 29 1
2 3 1 37 78 1
51 20 1 57 35 1
37 25 1 19 9 1
90 93 1 67 26 1
32 27 1 30 58 1
38 97 1 45 93 1
5 81 1 12 89 1
99 53 1 97 1 1
55 89 1 51 65 1
4 22 1 19 54 1
86 95 1 59 74 1
82 54 1 71 33 1
49 47 1 61 81 1
43 90 1 43 43 1
90 50 1 68 26 1
27 59 1 22 55 1
78 5 1 72 10 1
15 49 1 26 75 1
7 58 1 16 85 1
12 5 1 34 14 1
94 1 1 96 36 1
27 56 1 25 39 1
46 46 1 61 90 1
62 54 1 55 49 1
30 64 1 29 61 1
40 48 1 39 41 1
34 36 1 41 52 1
69 3 1 18 1 1
88 15 1 89 22 1
59 94 1 54 80 1
81 73 1 51 15 1
29 67 1 31 89 1
52 3 1 86 4 1
90 24 1 80 13 1
99 21 1 100 100 1
4 54 1 1 55 1
5 47 1 7 53 1
20 33 1 10 13 1
76 26 1 49 11 1
37 85 1 39 80 1
66 16 1 85 7 1
43 37 1 61 66 1
5 43 1 12 67 1
87 97 1 74 94 1