17 69 1 55 64 1
81 61 1 16 78 1
89 7 1 15 50 1
7 60 1 15 30 1
83 93 1 89 75 1
94 14 1 100 7 1
73 52 1 70 31 1
15 9 1 3 85 1
71 7 1 71 13 1
77 81 1 97 21 1
20 90 1 24 81 1
78 95 1 51 77 1
63 29 1 49 41 1
32 46 1 100 6 1
10 94 1 58 85 1
89 99 1 95 73 1
55 36 1 68 36 1
24 2 1 57 7 1
47 61 1 42 55 1
60 57 1 74 59 1
12 45 1 8 74 1
61 81 1 68 80 1
37 6 1 25 39 1
49 31 1 21 55 1
83 10 1 31 31 1
74 36 1 90 36 1
98 15 1 90 23 1
35 64 1 16 55 1
17 31 1 23 31 1
94 35 1 99 34 1
66 42 1 22 56 1