96 46 1 67 51 1
78 83 1 44 20 1
38 6 1 4 58 1
43 69 1 13 75 1
35 37 1 73 99 1
5 84 1 2 10 1
5 78 1 31 51 1
47 53 1 43 33 1
98 88 1 79 62 1
53 25 1 96 4 1
49 4 1 9 61 1
51 34 1 58 66 1
50 46 1 50 32 1
14 80 1 33 93 1
80 36 1 59 43 1
48 70 1 46 94 1
47 96 1 10 74 1
32 68 1 24 65 1
83 72 1 70 65 1
100 99 1 83 92 1
63 93 1 51 95 1
92 2 1 38 1 1
11 81 1 27 98 1
44 46 1 39 40 1
99 82 1 74 53 1
79 12 1 76 11 1
66 25 1 58 43 1
83 14 1 69 33 1
50 60 1 82 99 1
86 20 1 91 39 1
96 50 1 99 16 1
26 1 1 13 35 1