7 55 1 95 98 1
37 23 1 58 55 1
82 52 1 99 7 1
18 7 1 87 18 1
16 93 1 27 78 1
14 20 1 29 55 1
92 85 1 42 63 1
52 21 1 7 11 1
28 17 1 42 35 1
77 2 1 60 10 1
91 49 1 90 42 1
81 61 1 74 76 1
92 88 1 10 50 1
87 65 1 68 43 1
29 28 1 45 53 1
47 9 1 42 4 1
26 62 1 32 64 1
44 17 1 78 22 1
33 100 1 62 95 1
82 97 1 22 74 1
90 20 1 58 49 1
2 69 1 3 18 1
45 57 1 28 55 1
94 72 1 99 87 1
59 21 1 58 33 1
33 20 1 51 23 1
62 63 1 36 38 1
99 100 1 78 83 1
76 85 1 14 53 1
39 95 1 28 100 1
76 66 1 32 60 1
24 92 1 25 96 1
14 31 1 3 12 1