90 66 1 64 74 1
40 86 1 48 8 1
75 17 1 56 72 1
46 95 1 84 73 1
91 80 1 97 36 1
75 51 1 94 43 1
2 95 1 10 16 1
17 48 1 29 8 1
18 50 1 41 73 1
50 5 1 50 48 1
41 24 1 48 1 1
50 87 1 36 89 1
97 2 1 59 2 1
57 75 1 90 13 1
21 64 1 22 82 1
74 32 1 65 54 1
87 61 1 74 67 1
61 27 1 63 8 1
70 84 1 73 97 1
18 70 1 17 79 1
100 16 1 93 66 1
94 57 1 86 93 1
15 38 1 10 25 1
59 30 1 56 69 1
36 47 1 36 19 1
90 79 1 87 91 1
9 46 1 28 67 1
42 56 1 29 45 1
76 5 1 52 3 1
81 7 1 63 20 1
10 46 1 17 41 1
58 23 1 62 50 1
74 51 1 87 21 1
53 70 1 58 36 1