34 65 1 75 19 1
35 71 1 47 74 1
88 58 1 69 67 1
7 45 1 89 13 1
6 79 1 5 93 1
85 43 1 61 69 1
42 14 1 16 28 1
85 23 1 56 64 1
15 95 1 28 56 1
87 89 1 59 77 1
67 61 1 27 73 1
97 28 1 75 64 1
79 9 1 54 1 1
99 59 1 93 49 1
47 87 1 49 74 1
8 15 1 2 62 1
34 6 1 49 14 1
19 29 1 47 15 1
41 63 1 54 57 1
71 11 1 20 35 1
71 30 1 53 62 1
22 83 1 41 44 1
93 90 1 78 65 1
40 48 1 61 26 1
15 45 1 2 81 1
33 41 1 25 70 1
48 83 1 60 98 1
39 30 1 72 14 1
47 68 1 64 89 1
31 83 1 33 95 1
90 21 1 77 47 1
19 42 1 47 36 1
3 5 1 24 15 1
11 25 1 37 10 1
96 18 1 84 38 1