84 74 1 32 72 1
30 79 1 18 97 1
93 61 1 59 36 1
11 6 1 80 71 1
8 22 1 26 75 1
88 60 1 81 89 1
92 10 1 59 19 1
9 82 1 1 66 1
55 23 1 97 23 1
28 34 1 12 15 1
72 87 1 45 95 1
18 67 1 16 98 1
43 5 1 33 5 1
83 37 1 99 30 1
78 100 1 70 77 1
61 40 1 55 39 1
64 78 1 65 82 1
96 55 1 97 55 1
15 92 1 5 60 1
20 46 1 26 58 1
45 84 1 33 94 1
43 51 1 5 4 1
75 18 1 94 11 1
40 81 1 59 87 1
67 10 1 34 12 1
2 69 1 3 83 1
28 18 1 53 20 1
12 39 1 13 41 1
97 61 1 70 26 1
63 9 1 90 9 1
88 17 1 67 19 1
84 2 1 86 4 1
54 35 1 34 25 1
34 48 1 15 27 1
38 5 1 82 5 1
89 54 1 48 29 1