97 27 1 75 65 1
76 34 1 24 17 1
13 45 1 26 74 1
58 59 1 81 52 1
62 49 1 47 81 1
1 1 1 18 68 1
28 3 1 90 16 1
78 40 1 77 30 1
29 19 1 35 74 1
70 10 1 95 10 1
68 73 1 30 92 1
78 71 1 76 66 1
100 18 1 83 31 1
14 88 1 11 64 1
26 47 1 34 70 1
47 47 1 35 25 1
41 85 1 24 83 1
96 72 1 82 76 1
9 5 1 24 25 1
72 99 1 72 82 1
59 78 1 55 89 1
88 98 1 77 70 1
83 97 1 79 91 1
57 58 1 54 59 1
14 1 1 79 2 1
61 50 1 32 77 1
14 68 1 10 49 1
89 2 1 62 7 1
34 13 1 69 15 1
86 44 1 51 39 1
95 50 1 99 52 1
54 50 1 63 42 1
14 46 1 34 73 1
5 50 1 1 46 1
27 13 1 33 12 1
8 47 1 8 71 1
34 92 1 21 94 1