17 25 1 91 68 1
72 46 1 54 19 1
97 96 1 28 57 1
9 40 1 66 58 1
30 100 1 1 44 1
98 7 1 17 18 1
68 66 1 52 65 1
98 44 1 79 54 1
21 76 1 61 98 1
71 31 1 99 18 1
16 61 1 66 99 1
17 28 1 25 30 1
96 79 1 91 61 1
35 20 1 79 58 1
25 27 1 55 46 1
17 71 1 8 56 1
6 2 1 44 2 1
19 14 1 56 5 1
68 94 1 53 84 1
15 26 1 1 14 1
65 85 1 39 74 1
38 24 1 44 35 1
57 17 1 80 52 1
47 72 1 75 84 1
30 61 1 7 44 1
88 65 1 73 52 1
91 76 1 84 88 1
99 82 1 97 47 1
64 65 1 17 43 1
90 10 1 60 21 1
82 21 1 79 18 1
21 81 1 38 88 1
32 64 1 30 66 1
27 37 1 12 33 1
10 4 1 19 23 1
99 8 1 47 19 1
95 79 1 93 91 1
44 11 1 97 4 1