51 85 1 92 34 1
43 99 1 43 57 1
31 70 1 29 27 1
34 14 1 57 16 1
94 51 1 93 28 1
70 10 1 49 80 1
64 17 1 6 31 1
1 10 1 13 29 1
94 59 1 93 34 1
77 17 1 91 5 1
37 55 1 64 29 1
56 56 1 72 3 1
28 94 1 1 64 1
91 20 1 52 83 1
41 50 1 32 50 1
74 5 1 77 27 1
74 34 1 49 86 1
2 53 1 6 45 1
91 60 1 91 84 1
88 91 1 74 70 1
62 77 1 83 90 1
88 34 1 80 38 1
76 1 1 100 6 1
70 76 1 89 44 1
75 54 1 79 43 1
53 67 1 71 22 1
88 26 1 93 31 1
53 20 1 51 34 1
38 11 1 58 7 1
23 13 1 38 8 1
33 20 1 9 13 1
24 87 1 33 67 1
31 38 1 45 43 1
29 22 1 47 16 1
20 73 1 9 52 1
16 45 1 20 47 1
94 42 1 99 23 1
97 96 1 89 39 1
100 97 1 99 9 1