93 78 1 24 84 1
59 63 1 18 18 1
48 32 1 93 2 1
9 17 1 23 4 1
73 82 1 42 83 1
16 48 1 13 14 1
42 56 1 61 73 1
93 29 1 65 45 1
1 69 1 20 98 1
12 44 1 9 77 1
46 37 1 32 12 1
57 87 1 54 91 1
54 43 1 58 48 1
34 40 1 42 52 1
30 28 1 31 19 1
22 2 1 62 7 1
94 33 1 83 53 1
16 45 1 18 78 1
20 47 1 29 80 1
83 94 1 93 94 1
39 90 1 62 93 1
49 76 1 28 57 1
61 12 1 50 23 1
85 64 1 52 37 1
87 73 1 41 38 1
93 85 1 63 97 1
12 7 1 14 12 1
17 43 1 18 25 1
81 47 1 87 37 1
45 57 1 54 64 1
22 19 1 33 34 1
52 98 1 51 95 1
65 91 1 76 81 1
17 85 1 40 78 1
5 86 1 2 98 1
30 7 1 41 40 1
17 17 1 30 20 1
62 63 1 64 61 1
54 79 1 28 42 1
92 50 1 97 49 1