19 16 1 22 28 1
62 60 1 63 85 1
21 52 1 60 42 1
78 93 1 75 64 1
72 26 1 94 71 1
46 82 1 60 80 1
91 100 1 1 65 1
9 5 1 79 42 1
93 65 1 98 94 1
91 15 1 94 28 1
31 87 1 12 91 1
89 39 1 95 39 1
2 50 1 41 55 1
74 39 1 59 23 1
34 87 1 3 100 1
7 60 1 77 50 1
37 100 1 54 98 1
25 80 1 9 84 1
75 95 1 28 81 1
62 22 1 77 27 1
73 56 1 85 63 1
74 71 1 63 65 1
51 6 1 25 9 1
49 27 1 84 54 1
99 10 1 99 24 1
99 41 1 96 12 1
19 9 1 68 21 1
6 27 1 38 47 1
26 78 1 26 78 1
1 47 1 14 36 1
62 40 1 25 24 1
55 83 1 65 89 1
93 78 1 81 75 1
100 86 1 91 56 1
10 34 1 9 40 1
51 37 1 30 28 1
80 35 1 96 30 1
84 6 1 94 11 1
40 2 1 79 2 1
77 90 1 71 77 1
13 62 1 22 62 1