46 51 1 76 69 1
32 30 1 53 9 1
95 100 1 22 75 1
74 97 1 54 96 1
62 74 1 77 71 1
99 57 1 49 33 1
15 100 1 5 73 1
30 37 1 93 21 1
24 52 1 69 70 1
35 29 1 68 3 1
76 2 1 56 29 1
15 43 1 54 62 1
30 14 1 36 17 1
52 74 1 76 92 1
98 10 1 94 20 1
35 90 1 37 99 1
77 51 1 80 51 1
26 100 1 10 29 1
24 2 1 18 40 1
9 30 1 14 58 1
98 59 1 95 69 1
98 72 1 52 42 1
11 62 1 13 80 1
98 38 1 59 33 1
70 59 1 98 82 1
36 2 1 55 7 1
19 43 1 7 17 1
15 62 1 16 83 1
13 85 1 14 96 1
85 100 1 31 84 1
21 28 1 26 46 1
3 39 1 8 74 1
61 93 1 54 93 1
20 73 1 51 72 1
59 67 1 57 67 1
41 34 1 56 27 1
65 53 1 53 45 1
28 46 1 25 40 1
37 65 1 52 69 1
80 95 1 51 86 1
99 50 1 59 35 1
100 92 1 74 81 1