49 84 1 68 31 1
83 6 1 21 48 1
35 41 1 41 83 1
28 20 1 20 19 1
16 99 1 2 88 1
30 38 1 39 16 1
14 21 1 26 6 1
71 22 1 92 93 1
71 16 1 79 10 1
81 30 1 99 29 1
86 90 1 26 83 1
2 47 1 13 54 1
1 2 1 20 54 1
1 72 1 44 99 1
43 8 1 27 28 1
74 38 1 63 67 1
48 34 1 45 45 1
68 25 1 44 79 1
20 24 1 29 39 1
11 16 1 20 8 1
87 49 1 87 45 1
60 85 1 88 87 1
29 9 1 69 6 1
32 80 1 34 54 1
96 31 1 83 42 1
12 1 1 9 15 1
7 83 1 31 96 1
58 28 1 52 46 1
47 54 1 45 51 1
71 86 1 72 88 1
58 69 1 75 85 1
32 74 1 25 83 1
84 81 1 84 73 1
62 97 1 38 88 1
75 18 1 82 52 1
78 71 1 73 45 1
96 30 1 99 86 1
97 1 1 98 7 1
81 7 1 34 2 1
42 96 1 29 87 1
58 1 1 13 1 1
23 74 1 8 54 1
17 5 1 23 9 1