27 59 1 21 99 1
22 86 1 23 69 1
77 64 1 30 86 1
82 10 1 84 53 1
89 51 1 32 77 1
38 11 1 40 51 1
73 1 1 80 39 1
14 59 1 32 33 1
34 32 1 9 7 1
56 11 1 57 46 1
98 1 1 93 49 1
20 50 1 6 69 1
36 99 1 64 78 1
79 84 1 99 83 1
89 42 1 89 45 1
49 31 1 54 13 1
93 60 1 97 70 1
95 80 1 88 17 1
73 37 1 57 43 1
85 53 1 32 79 1
60 16 1 64 23 1
67 66 1 82 55 1
49 60 1 46 34 1
3 96 1 8 41 1
23 60 1 4 90 1
20 3 1 58 9 1
90 66 1 75 89 1
79 50 1 77 51 1
73 55 1 62 61 1
99 99 1 100 78 1
38 68 1 47 44 1
59 78 1 78 73 1
1 35 1 9 19 1
33 59 1 37 62 1
44 83 1 48 88 1
51 8 1 42 50 1
7 24 1 5 73 1
60 31 1 72 34 1
18 30 1 8 17 1
41 63 1 57 63 1
78 48 1 83 34 1
51 90 1 61 95 1
50 94 1 51 100 1
14 53 1 13 45 1