36 54 1 71 58 1
39 33 1 90 5 1
48 28 1 16 28 1
84 67 1 74 80 1
70 34 1 70 37 1
11 74 1 93 97 1
76 64 1 48 83 1
14 40 1 9 11 1
39 11 1 19 7 1
90 71 1 100 90 1
67 18 1 90 17 1
35 94 1 24 80 1
55 75 1 67 58 1
8 51 1 42 44 1
50 9 1 48 13 1
50 5 1 55 10 1
83 33 1 2 61 1
43 11 1 32 12 1
75 41 1 45 50 1
100 53 1 94 52 1
81 19 1 89 66 1
50 54 1 48 53 1
20 60 1 34 73 1
8 75 1 63 89 1
80 14 1 96 11 1
52 25 1 73 11 1
78 15 1 81 17 1
15 70 1 23 64 1
3 28 1 5 31 1
33 39 1 62 39 1
1 79 1 17 85 1
45 80 1 47 63 1
93 15 1 96 20 1
78 89 1 50 82 1
67 9 1 78 7 1
13 23 1 69 10 1
42 11 1 24 4 1
58 33 1 42 34 1
98 38 1 82 21 1
29 99 1 13 92 1
53 52 1 56 55 1
22 56 1 42 53 1
58 65 1 56 70 1
4 53 1 10 21 1
33 61 1 41 74 1