69 30 1 26 5 1
1 42 1 93 59 1
3 13 1 23 43 1
10 65 1 9 73 1
70 32 1 79 27 1
96 61 1 48 93 1
36 47 1 70 30 1
2 71 1 23 92 1
21 82 1 51 99 1
89 60 1 35 71 1
10 1 1 86 2 1
59 40 1 83 31 1
33 50 1 54 65 1
89 38 1 96 55 1
33 60 1 37 56 1
52 27 1 23 41 1
27 25 1 50 23 1
36 66 1 38 69 1
69 6 1 88 15 1
29 11 1 8 13 1
81 19 1 88 34 1
80 97 1 76 100 1
80 56 1 45 49 1
79 24 1 55 43 1
12 100 1 2 100 1
30 79 1 40 78 1
27 70 1 36 62 1
59 69 1 18 82 1
17 74 1 30 49 1
96 13 1 92 15 1
36 14 1 24 22 1
18 25 1 20 37 1
60 95 1 94 84 1
53 73 1 53 85 1
98 9 1 100 99 1
55 21 1 61 9 1
48 77 1 44 92 1
95 73 1 86 71 1
57 62 1 84 59 1
40 93 1 27 99 1
1 32 1 8 27 1
88 68 1 73 89 1
14 84 1 1 72 1
55 11 1 39 12 1
62 79 1 52 72 1
31 16 1 27 15 1