13 85 1 24 73 1
15 48 1 40 25 1
62 11 1 65 47 1
99 63 1 68 69 1
64 41 1 56 1 1
90 97 1 21 84 1
8 90 1 8 78 1
46 82 1 4 48 1
65 26 1 97 34 1
79 82 1 49 70 1
92 55 1 38 65 1
51 81 1 23 52 1
7 73 1 10 68 1
63 51 1 93 55 1
39 67 1 89 61 1
41 16 1 52 3 1
45 3 1 22 9 1
24 36 1 46 19 1
26 41 1 63 38 1
29 16 1 1 16 1
44 84 1 26 73 1
71 24 1 83 30 1
9 22 1 25 37 1
53 100 1 9 88 1
17 23 1 26 31 1
34 87 1 54 91 1
94 27 1 96 12 1
96 59 1 98 23 1
40 35 1 60 30 1
3 24 1 11 42 1
39 35 1 60 26 1
24 85 1 82 100 1
85 82 1 69 77 1
69 42 1 76 29 1
56 59 1 21 44 1
66 91 1 18 82 1
26 43 1 62 53 1
58 9 1 73 15 1
63 88 1 81 95 1
94 87 1 78 91 1
81 20 1 95 14 1
31 47 1 63 54 1
95 78 1 90 75 1
4 26 1 7 28 1
78 35 1 83 46 1
46 66 1 66 61 1
89 57 1 64 61 1