89 15 1 3 84 1
88 56 1 30 83 1
85 27 1 73 58 1
76 74 1 58 71 1
17 86 1 54 60 1
81 68 1 80 83 1
47 93 1 84 93 1
90 14 1 26 26 1
61 97 1 5 91 1
14 21 1 18 30 1
98 15 1 38 7 1
93 16 1 89 44 1
2 74 1 50 43 1
51 22 1 2 43 1
98 99 1 96 57 1
1 40 1 20 10 1
55 57 1 19 73 1
42 19 1 22 1 1
56 32 1 67 21 1
19 28 1 21 19 1
74 13 1 52 12 1
51 44 1 48 38 1
20 88 1 28 92 1
78 34 1 58 54 1
85 65 1 86 70 1
40 34 1 45 26 1
79 85 1 34 94 1
1 74 1 17 37 1
10 61 1 6 71 1
73 53 1 23 86 1
48 21 1 26 22 1
75 48 1 67 52 1
56 4 1 90 10 1
12 78 1 68 33 1
74 42 1 40 74 1
86 23 1 86 49 1
63 74 1 48 91 1
58 92 1 83 87 1
39 31 1 28 34 1
96 67 1 85 77 1
4 100 1 1 75 1
69 18 1 49 37 1
60 68 1 68 65 1
62 47 1 65 44 1
97 11 1 73 1 1
36 43 1 47 31 1
32 49 1 45 27 1
6 29 1 8 14 1