7 29 1 42 72 1
78 2 1 99 89 1
4 96 1 8 52 1
23 43 1 51 49 1
25 72 1 66 99 1
4 83 1 6 73 1
84 85 1 88 58 1
72 48 1 65 36 1
12 25 1 59 53 1
82 73 1 25 13 1
89 52 1 91 99 1
48 4 1 14 6 1
64 65 1 73 94 1
26 57 1 31 68 1
41 53 1 61 84 1
2 31 1 13 67 1
21 56 1 14 68 1
64 94 1 72 91 1
65 10 1 64 14 1
49 74 1 34 53 1
57 25 1 75 25 1
55 85 1 61 94 1
95 52 1 93 54 1
13 74 1 52 95 1
8 75 1 19 88 1
30 86 1 49 95 1
26 18 1 23 20 1
8 69 1 27 66 1
79 73 1 60 50 1
87 55 1 73 18 1
88 42 1 89 20 1
56 25 1 77 39 1
95 95 1 97 97 1
59 37 1 40 13 1
3 12 1 58 9 1
23 24 1 8 13 1
7 28 1 28 40 1
66 87 1 38 72 1
20 99 1 13 93 1
55 17 1 58 23 1
19 39 1 28 50 1
63 64 1 55 56 1
98 3 1 98 9 1
23 48 1 37 58 1
94 33 1 90 34 1
28 78 1 42 89 1
12 73 1 56 97 1
4 36 1 12 39 1
76 8 1 38 10 1