9 22 1 18 52 1
81 69 1 28 7 1
36 89 1 27 25 1
10 65 1 31 64 1
31 11 1 24 3 1
35 59 1 73 92 1
79 95 1 45 93 1
93 62 1 92 97 1
76 58 1 70 34 1
86 60 1 82 15 1
40 5 1 67 17 1
30 11 1 67 54 1
46 34 1 56 51 1
71 19 1 53 2 1
27 70 1 19 75 1
10 92 1 29 96 1
89 78 1 68 55 1
7 6 1 4 12 1
47 76 1 40 91 1
81 11 1 62 39 1
54 60 1 21 13 1
10 71 1 3 83 1
26 52 1 18 8 1
72 32 1 78 30 1
53 35 1 87 73 1
11 62 1 8 9 1
74 98 1 30 96 1
2 35 1 2 14 1
87 10 1 85 8 1
99 48 1 100 41 1
77 34 1 82 27 1
76 67 1 88 90 1
94 48 1 96 68 1
69 14 1 66 6 1
2 87 1 7 96 1
19 83 1 24 76 1
48 39 1 57 58 1
59 37 1 42 6 1
6 49 1 4 62 1
92 91 1 92 56 1
19 74 1 8 89 1
33 66 1 35 65 1
60 49 1 81 95 1
22 13 1 40 26 1
18 23 1 15 15 1
94 39 1 96 43 1
95 63 1 88 41 1
56 67 1 64 80 1
87 90 1 90 93 1
33 1 1 54 34 1