72 39 1 87 95 1
53 13 1 68 56 1
33 56 1 22 100 1
22 2 1 4 23 1
73 40 1 73 4 1
55 65 1 67 61 1
13 58 1 9 26 1
60 3 1 83 69 1
27 36 1 37 29 1
98 7 1 86 64 1
39 96 1 36 37 1
53 7 1 77 65 1
63 51 1 42 28 1
78 92 1 58 88 1
36 62 1 35 63 1
11 11 1 1 18 1
34 21 1 39 16 1
5 80 1 11 92 1
62 87 1 71 78 1
20 43 1 19 96 1
49 36 1 56 77 1
22 32 1 36 7 1
12 62 1 6 68 1
76 49 1 60 4 1
68 60 1 71 57 1
8 23 1 2 30 1
4 89 1 7 87 1
49 61 1 42 31 1
92 98 1 62 95 1
74 70 1 55 86 1
49 74 1 50 55 1