64 5 1 85 56 1
63 30 1 24 41 1
30 59 1 59 61 1
76 45 1 30 43 1
27 46 1 1 79 1
72 95 1 12 96 1
55 46 1 78 83 1
49 47 1 22 54 1
24 35 1 15 23 1
24 75 1 33 70 1
96 15 1 83 84 1
95 14 1 72 16 1
6 65 1 23 50 1
22 81 1 42 79 1
5 97 1 53 76 1
10 93 1 8 93 1
16 65 1 38 67 1
60 67 1 52 67 1
6 49 1 25 41 1
39 27 1 23 17 1
22 75 1 24 77 1
16 70 1 20 89 1
65 85 1 87 93 1
96 52 1 95 58 1
37 18 1 52 8 1
17 43 1 8 46 1
61 79 1 54 94 1
68 65 1 68 61 1
57 99 1 77 98 1
4 18 1 70 3 1
13 30 1 9 29 1
63 62 1 22 62 1