69 40 1 74 62 1
70 47 1 4 70 1
67 54 1 93 90 1
61 1 1 86 1 1
76 41 1 95 33 1
96 7 1 42 24 1
2 57 1 51 29 1
2 3 1 41 8 1
36 100 1 89 89 1
64 62 1 31 71 1
90 24 1 15 51 1
75 4 1 57 6 1
3 24 1 71 29 1
6 21 1 76 7 1
11 23 1 70 14 1
27 19 1 77 8 1
94 7 1 66 11 1
11 83 1 45 61 1
78 79 1 74 85 1
99 22 1 92 25 1
26 48 1 28 57 1
39 89 1 37 82 1
37 78 1 54 77 1
53 80 1 72 75 1
23 16 1 24 6 1
87 68 1 91 64 1
82 53 1 80 60 1
48 94 1 64 81 1
38 41 1 20 47 1
51 87 1 68 79 1
17 65 1 85 31 1
1 66 1 4 60 1
87 46 1 94 41 1