34 21 1 58 6 1
22 41 1 67 68 1
49 25 1 90 8 1
99 23 1 38 48 1
30 64 1 57 74 1
7 35 1 2 27 1
77 58 1 93 27 1
17 87 1 12 78 1
55 100 1 29 88 1
60 35 1 58 39 1
44 44 1 41 40 1
43 72 1 51 74 1
76 72 1 3 49 1
88 82 1 20 78 1
35 69 1 30 66 1
41 80 1 3 77 1
16 27 1 81 6 1
54 39 1 37 36 1
82 3 1 12 4 1
94 2 1 5 41 1
95 78 1 37 61 1
16 25 1 12 34 1
70 25 1 53 41 1
25 87 1 78 92 1
91 82 1 48 75 1
62 63 1 51 55 1
71 7 1 77 6 1
49 11 1 24 15 1
56 67 1 77 75 1
19 95 1 16 94 1
87 72 1 44 48 1
79 33 1 78 53 1
76 35 1 67 60 1
15 53 1 18 70 1