11 48 1 69 40 1
67 9 1 37 2 1
49 9 1 37 32 1
90 26 1 12 87 1
61 84 1 28 81 1
13 98 1 48 94 1
92 78 1 42 70 1
87 4 1 25 42 1
32 28 1 1 52 1
88 67 1 83 48 1
87 90 1 73 82 1
43 56 1 31 60 1
81 94 1 68 90 1
2 68 1 8 52 1
61 66 1 84 43 1
27 13 1 17 7 1
59 69 1 60 50 1
1 81 1 23 64 1
96 60 1 81 34 1
57 98 1 54 89 1
100 93 1 85 78 1
36 51 1 6 95 1
15 46 1 90 23 1
18 66 1 15 59 1
82 63 1 93 75 1
88 4 1 40 1 1
99 60 1 95 37 1
11 4 1 11 2 1
39 4 1 15 23 1
56 70 1 39 68 1
20 49 1 24 64 1
81 86 1 89 90 1
42 21 1 36 27 1
60 73 1 54 80 1
95 19 1 100 52 1