20 80 1 9 91 1
46 38 1 52 74 1
95 85 1 54 9 1
34 72 1 61 95 1
34 23 1 11 86 1
65 55 1 67 39 1
27 72 1 24 55 1
18 53 1 6 96 1
59 46 1 65 86 1
35 58 1 30 76 1
23 10 1 57 22 1
3 62 1 11 36 1
90 31 1 64 26 1
43 64 1 51 73 1
72 94 1 43 69 1
20 7 1 22 25 1
17 58 1 26 15 1
70 82 1 96 98 1
23 8 1 32 13 1
16 99 1 39 84 1
60 45 1 49 20 1
4 76 1 15 62 1
72 11 1 100 24 1
49 70 1 39 51 1
20 27 1 18 17 1
93 67 1 86 39 1
71 69 1 67 55 1
22 11 1 20 1 1
31 42 1 37 26 1
91 32 1 96 36 1
17 23 1 11 3 1
90 95 1 94 97 1
60 44 1 66 42 1
19 28 1 1 7 1
44 22 1 59 48 1
36 31 1 29 73 1