45 83 1 11 44 1
99 79 1 69 7 1
24 89 1 60 95 1
58 26 1 53 33 1
69 26 1 94 89 1
3 81 1 45 91 1
7 56 1 21 11 1
100 26 1 98 51 1
57 53 1 61 33 1
63 79 1 63 7 1
36 35 1 41 71 1
97 67 1 87 1 1
45 95 1 92 97 1
29 67 1 17 60 1
98 98 1 12 74 1
3 11 1 10 14 1
40 37 1 31 28 1
46 54 1 53 69 1
73 43 1 69 77 1
31 8 1 26 61 1
60 79 1 47 72 1
2 88 1 4 41 1
21 3 1 9 19 1
78 44 1 84 50 1
15 8 1 2 27 1
50 2 1 52 66 1
60 89 1 32 84 1
74 81 1 71 89 1
75 18 1 68 1 1
90 42 1 90 56 1
58 85 1 86 77 1
42 40 1 41 7 1
73 75 1 73 74 1
4 78 1 8 38 1
49 81 1 28 61 1
67 22 1 80 40 1
5 74 1 14 79 1