58 66 1 80 85 1
43 62 1 69 5 1
34 100 1 86 97 1
86 35 1 69 71 1
46 32 1 28 53 1
39 36 1 6 49 1
58 16 1 3 83 1
26 95 1 85 1 1
41 80 1 46 84 1
90 98 1 86 52 1
68 2 1 18 75 1
66 70 1 81 21 1
95 4 1 79 65 1
58 97 1 52 91 1
22 21 1 14 15 1
31 16 1 28 5 1
97 10 1 100 64 1
98 74 1 94 92 1
38 36 1 20 13 1
29 76 1 19 90 1
71 40 1 83 10 1
55 6 1 10 3 1
62 8 1 49 17 1
2 40 1 11 23 1
57 76 1 61 98 1
62 11 1 57 30 1
30 96 1 9 97 1
32 85 1 34 72 1
83 12 1 72 49 1
36 99 1 24 99 1
1 19 1 9 21 1
44 73 1 53 97 1
42 63 1 51 40 1
39 80 1 43 78 1
30 70 1 6 84 1
91 4 1 91 13 1
86 84 1 83 60 1
42 34 1 31 23 1