46 14 1 36 52 1
75 16 1 82 92 1
30 68 1 25 88 1
16 58 1 26 67 1
82 8 1 91 83 1
66 66 1 31 70 1
25 40 1 29 9 1
43 78 1 67 100 1
30 79 1 37 79 1
44 60 1 63 26 1
60 21 1 50 36 1
51 95 1 62 97 1
37 49 1 40 39 1
1 58 1 28 7 1
17 91 1 3 91 1
50 3 1 23 49 1
8 53 1 43 63 1
81 1 1 61 20 1
76 3 1 64 1 1
18 70 1 49 63 1
55 70 1 56 79 1
20 31 1 3 59 1
86 58 1 86 51 1
17 87 1 39 90 1
10 7 1 11 25 1
16 45 1 23 51 1
46 94 1 30 89 1
90 29 1 94 93 1
47 10 1 25 54 1
47 23 1 54 2 1
94 3 1 96 81 1
72 87 1 69 29 1
97 3 1 98 78 1
86 92 1 80 38 1
1 54 1 20 13 1
49 8 1 42 31 1
24 51 1 29 41 1
20 38 1 22 27 1
49 91 1 45 100 1