46 18 1 25 12 1
24 25 1 6 81 1
49 80 1 80 37 1
82 84 1 49 91 1
98 86 1 98 94 1
24 39 1 60 60 1
78 57 1 80 67 1
70 94 1 80 97 1
15 60 1 60 61 1
66 22 1 78 4 1
22 12 1 35 6 1
53 19 1 34 18 1
78 76 1 98 65 1
54 84 1 79 82 1
9 89 1 73 76 1
92 8 1 69 1 1
100 39 1 86 38 1
2 38 1 3 86 1
63 50 1 38 44 1
70 67 1 100 4 1
14 39 1 3 89 1
31 64 1 12 67 1
89 97 1 63 92 1
24 93 1 50 91 1
41 59 1 43 56 1
90 78 1 95 88 1
48 70 1 38 70 1
51 79 1 72 74 1
38 66 1 33 78 1
1 81 1 1 99 1
67 27 1 75 31 1
48 2 1 74 9 1
23 29 1 29 23 1
36 20 1 50 42 1
37 28 1 29 18 1
31 53 1 39 53 1
70 4 1 48 1 1
39 86 1 62 80 1
76 65 1 71 65 1
8 32 1 26 2 1