35 45 1 56 21 1
51 12 1 25 8 1
76 62 1 44 38 1
83 76 1 75 89 1
4 55 1 15 19 1
34 82 1 91 66 1
56 3 1 71 48 1
14 99 1 66 80 1
69 40 1 84 35 1
51 21 1 4 8 1
13 48 1 52 50 1
78 84 1 55 92 1
46 59 1 56 53 1
65 18 1 85 21 1
6 16 1 2 75 1
58 98 1 82 93 1
97 49 1 89 90 1
92 35 1 86 10 1
34 76 1 9 93 1
4 60 1 5 89 1
5 83 1 12 84 1
14 72 1 45 66 1
89 44 1 94 56 1
93 51 1 94 37 1
85 97 1 93 97 1
11 92 1 33 86 1
65 8 1 84 15 1
23 69 1 24 60 1
78 64 1 78 42 1
83 48 1 83 66 1
50 40 1 56 42 1
20 57 1 77 67 1
83 30 1 73 34 1
99 5 1 100 1 1
95 70 1 91 82 1
80 11 1 84 14 1
95 56 1 80 23 1
84 97 1 91 92 1
23 33 1 14 43 1
10 40 1 8 64 1
72 75 1 51 81 1