68 87 1 80 56 1
50 22 1 65 85 1
31 13 1 48 88 1
88 44 1 36 8 1
99 24 1 86 87 1
38 62 1 15 62 1
17 68 1 10 95 1
16 16 1 12 25 1
7 85 1 30 9 1
66 30 1 31 10 1
68 100 1 78 80 1
85 81 1 83 71 1
56 88 1 8 100 1
77 78 1 68 91 1
78 20 1 87 40 1
47 32 1 61 74 1
80 47 1 67 38 1
15 82 1 39 91 1
92 40 1 64 71 1
3 32 1 13 3 1
65 1 1 51 12 1
4 49 1 9 28 1
48 46 1 50 49 1
74 8 1 80 35 1
53 70 1 42 26 1
16 60 1 32 44 1
80 81 1 70 99 1
97 66 1 91 77 1
85 51 1 88 71 1
37 80 1 23 72 1
14 56 1 25 3 1
12 27 1 1 61 1
62 18 1 33 3 1
12 37 1 16 24 1
44 6 1 51 10 1
5 45 1 5 47 1
27 2 1 55 20 1
16 27 1 5 85 1
5 58 1 9 58 1
78 17 1 100 17 1
44 63 1 63 93 1
38 88 1 16 72 1