69 12 1 1 30 1
15 54 1 16 56 1
12 47 1 87 8 1
33 42 1 48 51 1
94 83 1 20 51 1
60 35 1 18 45 1
45 56 1 60 66 1
52 3 1 55 14 1
71 27 1 97 10 1
75 26 1 86 54 1
69 27 1 67 25 1
26 100 1 21 95 1
99 38 1 99 85 1
9 64 1 24 79 1
61 32 1 91 62 1
87 67 1 79 75 1
38 29 1 9 33 1
33 58 1 56 92 1
51 95 1 35 72 1
7 92 1 5 64 1
94 94 1 55 88 1
75 18 1 93 11 1
38 4 1 21 4 1
34 13 1 12 21 1
38 43 1 96 70 1
45 95 1 85 96 1
43 12 1 8 6 1
94 23 1 87 22 1
82 44 1 81 51 1
81 61 1 55 45 1
97 56 1 94 35 1
60 18 1 8 29 1
76 80 1 63 73 1
38 67 1 29 60 1
7 53 1 15 38 1
65 31 1 77 20 1
69 20 1 90 10 1
6 55 1 8 69 1
91 55 1 87 36 1
24 80 1 2 99 1
34 94 1 29 74 1
58 83 1 68 81 1
16 53 1 44 88 1