51 18 1 39 31 1
87 89 1 6 1 1
3 44 1 28 92 1
16 13 1 32 74 1
97 86 1 60 57 1
61 53 1 70 3 1
64 54 1 69 40 1
58 85 1 34 62 1
84 38 1 78 67 1
64 45 1 75 25 1
85 92 1 37 61 1
51 91 1 66 100 1
79 4 1 90 28 1
9 39 1 44 96 1
60 35 1 56 37 1
51 28 1 58 35 1
19 52 1 29 64 1
68 70 1 62 74 1
99 4 1 89 75 1
61 10 1 55 12 1
35 41 1 32 52 1
4 12 1 12 14 1
68 1 1 58 5 1
70 61 1 48 43 1
72 84 1 68 92 1
56 90 1 63 94 1
51 13 1 32 12 1
69 38 1 89 28 1
26 28 1 37 35 1
13 7 1 33 22 1
68 20 1 86 24 1
32 64 1 49 87 1
17 28 1 24 50 1
78 8 1 73 6 1
40 36 1 21 15 1
62 25 1 46 1 1
34 37 1 30 42 1
80 97 1 66 94 1
14 57 1 20 61 1
43 39 1 59 48 1
71 41 1 95 25 1
52 67 1 32 54 1
14 100 1 10 100 1
26 56 1 10 29 1