100 62 1 25 58 1
76 16 1 81 57 1
90 63 1 95 84 1
78 50 1 74 58 1
38 67 1 35 63 1
84 67 1 71 82 1
2 98 1 88 88 1
57 46 1 22 41 1
2 72 1 6 9 1
53 35 1 54 26 1
7 57 1 54 66 1
27 3 1 42 35 1
27 55 1 18 58 1
90 21 1 50 3 1
11 43 1 49 49 1
98 67 1 92 71 1
80 69 1 13 80 1
70 67 1 89 66 1
70 88 1 48 80 1
65 26 1 58 43 1
76 70 1 65 83 1
70 83 1 72 76 1
86 32 1 81 21 1
27 34 1 24 32 1
1 82 1 26 62 1
10 83 1 36 79 1
60 43 1 71 26 1
51 37 1 37 15 1
86 21 1 88 25 1
19 30 1 36 40 1
92 66 1 93 68 1
64 83 1 56 74 1
83 84 1 69 87 1
82 60 1 97 48 1
60 53 1 46 58 1
14 74 1 9 85 1
31 10 1 44 33 1
93 7 1 79 5 1
93 38 1 95 40 1
89 71 1 80 73 1
77 50 1 76 33 1
63 27 1 56 10 1
81 100 1 66 98 1
20 96 1 16 100 1
42 3 1 82 1 1