18 51 1 91 67 1
89 22 1 59 27 1
7 67 1 13 19 1
32 25 1 28 21 1
54 94 1 41 95 1
22 17 1 15 14 1
65 8 1 18 1 1
25 88 1 40 76 1
60 65 1 85 99 1
26 76 1 19 60 1
62 48 1 19 30 1
6 98 1 51 87 1
31 4 1 77 47 1
92 67 1 98 3 1
21 23 1 53 33 1
56 27 1 47 6 1
51 24 1 72 52 1
77 50 1 92 61 1
33 77 1 47 61 1
90 89 1 92 80 1
75 65 1 18 53 1
21 76 1 4 74 1
49 81 1 49 80 1
47 37 1 54 34 1
80 10 1 69 7 1
83 36 1 70 38 1
89 89 1 80 73 1
77 55 1 33 52 1
89 13 1 90 41 1
25 33 1 61 50 1
48 25 1 5 14 1
88 21 1 54 15 1
28 77 1 2 91 1
29 50 1 34 45 1
7 74 1 18 35 1
96 46 1 96 60 1
64 82 1 62 88 1
51 83 1 52 72 1
66 30 1 87 27 1
53 91 1 19 97 1
16 12 1 2 13 1
61 19 1 54 21 1
86 83 1 90 87 1
17 47 1 29 41 1
96 37 1 95 65 1
10 37 1 5 17 1