92 12 1 87 95 1
83 40 1 2 15 1
98 9 1 80 10 1
33 6 1 55 17 1
62 68 1 39 77 1
23 26 1 34 75 1
8 20 1 17 27 1
42 97 1 66 95 1
77 9 1 63 11 1
2 73 1 51 84 1
89 51 1 87 20 1
77 60 1 63 54 1
40 47 1 43 67 1
74 39 1 68 55 1
40 82 1 23 97 1
63 79 1 61 79 1
71 41 1 57 63 1
79 95 1 65 83 1
77 80 1 83 72 1
20 36 1 25 52 1
100 21 1 97 52 1
56 17 1 85 22 1
71 96 1 62 90 1
98 93 1 98 53 1
44 38 1 51 33 1
72 90 1 73 100 1
73 78 1 75 88 1
55 9 1 64 2 1
85 34 1 85 32 1
96 30 1 93 54 1
42 64 1 32 49 1
72 86 1 57 72 1
82 44 1 81 46 1
2 45 1 21 44 1
71 31 1 71 32 1
51 13 1 85 1 1
54 56 1 55 45 1
33 44 1 33 42 1
93 37 1 98 18 1
67 34 1 32 8 1
60 16 1 60 12 1
69 13 1 96 11 1
51 46 1 52 63 1
62 26 1 63 31 1
52 36 1 54 58 1
75 22 1 84 31 1
43 30 1 41 40 1