7 34 1 16 85 1
21 39 1 2 8 1
28 71 1 44 90 1
90 33 1 51 63 1
96 10 1 4 6 1
33 32 1 38 20 1
89 13 1 55 43 1
99 38 1 86 91 1
3 41 1 8 92 1
48 45 1 90 12 1
100 15 1 89 46 1
34 75 1 67 55 1
35 87 1 38 84 1
92 31 1 69 84 1
45 63 1 43 37 1
35 63 1 39 13 1
40 22 1 75 14 1
38 25 1 15 61 1
14 92 1 4 40 1
84 82 1 46 92 1
64 47 1 68 37 1
14 66 1 34 38 1
33 91 1 21 89 1
9 41 1 18 40 1
2 98 1 4 92 1
82 81 1 87 81 1
50 94 1 17 79 1
20 17 1 42 10 1
86 100 1 19 100 1
49 88 1 62 77 1
24 40 1 12 46 1
82 67 1 88 75 1
31 35 1 28 22 1
41 36 1 36 67 1
39 92 1 50 95 1
93 3 1 38 7 1
9 30 1 15 35 1
95 2 1 72 4 1
6 61 1 7 64 1
54 57 1 64 50 1
73 94 1 79 89 1
34 67 1 32 50 1
13 17 1 35 18 1
50 14 1 56 13 1
75 35 1 89 23 1
26 63 1 26 77 1
99 98 1 98 63 1
43 80 1 49 82 1