27 97 1 89 28 1
15 69 1 3 61 1
63 27 1 31 16 1
77 59 1 82 93 1
27 76 1 100 11 1
8 48 1 32 25 1
73 46 1 93 97 1
58 35 1 3 84 1
15 20 1 5 39 1
54 79 1 76 61 1
75 35 1 67 49 1
97 12 1 29 52 1
45 34 1 34 23 1
40 4 1 37 4 1
92 74 1 100 64 1
3 41 1 14 21 1
76 95 1 71 100 1
20 8 1 61 22 1
57 31 1 56 25 1
43 86 1 41 83 1
65 62 1 52 77 1
64 36 1 30 68 1
41 70 1 7 91 1
25 41 1 33 36 1
64 76 1 68 95 1
92 94 1 93 90 1
73 47 1 71 53 1
69 2 1 79 10 1
19 39 1 26 50 1
3 56 1 22 64 1
27 85 1 22 99 1
8 20 1 13 10 1
51 30 1 27 52 1
64 94 1 37 95 1
7 4 1 67 11 1
1 99 1 1 8 1
81 46 1 90 78 1
68 93 1 74 83 1
58 36 1 69 35 1
85 48 1 84 51 1
96 19 1 93 20 1
39 12 1 45 10 1
31 100 1 34 92 1
100 29 1 100 55 1
100 57 1 87 50 1
98 91 1 97 86 1
61 37 1 56 43 1
84 22 1 10 89 1
93 18 1 65 43 1