38 54 1 24 81 1
32 72 1 93 84 1
2 10 1 47 38 1
74 36 1 39 50 1
70 13 1 20 72 1
68 91 1 81 89 1
10 100 1 30 96 1
1 44 1 33 42 1
98 29 1 80 16 1
30 74 1 37 84 1
100 57 1 42 64 1
9 4 1 84 10 1
6 87 1 47 100 1
32 54 1 8 60 1
19 84 1 30 62 1
55 86 1 43 94 1
36 71 1 63 74 1
62 86 1 96 88 1
84 89 1 82 95 1
77 41 1 77 41 1
50 19 1 45 14 1
47 63 1 71 44 1
85 34 1 93 30 1
60 68 1 59 69 1
61 50 1 46 55 1
72 29 1 78 43 1
16 78 1 1 50 1
60 15 1 22 10 1
87 28 1 68 10 1
97 19 1 91 18 1
69 24 1 86 42 1
75 80 1 99 80 1
42 78 1 38 92 1
99 83 1 98 87 1
54 79 1 58 94 1
23 36 1 6 31 1
86 88 1 94 89 1
7 83 1 25 90 1
100 62 1 94 70 1
54 26 1 30 12 1
27 21 1 10 14 1
33 94 1 66 100 1
67 48 1 75 48 1
80 46 1 80 43 1
27 77 1 25 92 1
57 1 1 56 3 1
8 48 1 19 44 1
14 31 1 39 41 1
75 56 1 100 51 1
66 15 1 69 13 1