22 53 1 56 36 1
53 36 1 64 26 1
35 52 1 98 90 1
3 85 1 7 70 1
23 4 1 84 25 1
30 89 1 81 92 1
27 34 1 53 32 1
33 30 1 8 36 1
9 41 1 18 96 1
72 34 1 53 57 1
67 21 1 13 34 1
88 73 1 78 58 1
35 53 1 42 67 1
25 6 1 3 30 1
27 62 1 54 78 1
100 30 1 34 11 1
21 13 1 19 16 1
100 97 1 99 96 1
60 78 1 38 88 1
61 26 1 59 23 1
77 87 1 80 84 1
72 55 1 93 55 1
99 94 1 96 36 1
20 74 1 43 83 1
57 78 1 41 86 1
40 37 1 15 47 1
84 40 1 93 31 1
15 65 1 22 80 1
20 91 1 25 97 1
90 29 1 53 39 1