27 21 1 3 88 1
100 55 1 43 76 1
15 86 1 52 68 1
97 8 1 27 7 1
87 98 1 47 87 1
45 41 1 11 69 1
59 56 1 49 62 1
24 76 1 29 77 1
91 9 1 7 24 1
75 93 1 43 80 1
44 2 1 21 8 1
87 17 1 53 22 1
68 79 1 34 78 1
92 30 1 54 55 1
33 73 1 75 58 1
97 89 1 75 75 1
10 99 1 44 85 1
68 81 1 80 93 1
15 45 1 4 34 1
17 33 1 20 25 1
40 24 1 69 17 1
25 7 1 9 22 1
34 60 1 54 54 1
58 39 1 80 28 1
96 47 1 99 3 1
55 39 1 52 52 1
98 54 1 93 41 1
90 35 1 84 44 1
87 90 1 81 87 1
15 75 1 50 66 1
37 36 1 47 31 1
75 60 1 93 38 1