72 85 1 75 18 1
51 40 1 22 97 1
59 44 1 46 36 1
38 90 1 56 68 1
86 54 1 99 91 1
18 88 1 6 53 1
84 23 1 94 10 1
23 50 1 32 7 1
59 90 1 69 97 1
88 56 1 84 25 1
41 10 1 69 36 1
39 2 1 54 2 1
21 26 1 21 21 1
60 78 1 56 76 1
12 38 1 19 36 1
35 4 1 34 71 1
60 32 1 35 33 1
32 23 1 20 68 1
94 43 1 87 40 1
65 74 1 69 73 1
63 36 1 57 52 1
3 45 1 8 51 1
28 39 1 20 100 1
75 94 1 88 79 1
32 82 1 73 52 1
48 50 1 55 49 1
28 12 1 4 15 1
98 84 1 98 46 1
62 30 1 68 44 1
34 2 1 19 13 1
50 86 1 52 94 1
27 95 1 40 85 1
84 8 1 80 70 1