20 31 1 5 29 1
66 44 1 76 48 1
78 88 1 6 34 1
18 30 1 34 28 1
76 100 1 50 85 1
37 29 1 21 41 1
20 10 1 65 41 1
86 2 1 12 5 1
5 10 1 14 5 1
74 15 1 52 8 1
98 49 1 45 48 1
66 94 1 3 38 1
96 3 1 65 36 1
38 74 1 30 97 1
89 52 1 85 99 1
33 51 1 71 49 1
73 20 1 31 17 1
12 85 1 17 71 1
57 85 1 65 91 1
26 8 1 16 11 1
5 35 1 40 69 1
67 93 1 35 57 1
35 75 1 26 95 1
53 23 1 68 24 1
13 36 1 50 65 1
17 49 1 36 67 1
4 95 1 46 99 1
70 65 1 59 51 1
69 61 1 77 50 1
80 20 1 73 5 1
62 94 1 53 91 1
68 69 1 65 63 1
97 46 1 95 14 1
36 47 1 32 39 1