32 54 1 91 1 1
100 80 1 91 44 1
3 66 1 62 6 1
97 94 1 19 82 1
20 58 1 25 49 1
75 80 1 32 81 1
59 38 1 74 68 1
33 12 1 17 37 1
16 75 1 56 63 1
94 34 1 73 80 1
90 10 1 64 46 1
2 98 1 5 66 1
59 7 1 11 57 1
18 40 1 31 33 1
92 35 1 73 72 1
72 45 1 80 30 1
64 20 1 5 79 1
87 39 1 89 32 1
37 60 1 21 72 1
80 91 1 90 64 1
89 98 1 9 99 1
30 22 1 37 13 1
21 85 1 8 86 1
17 96 1 23 88 1
58 23 1 38 45 1
82 41 1 98 5 1
12 11 1 5 59 1
59 63 1 56 74 1
15 36 1 15 48 1
58 15 1 28 50 1
69 3 1 77 4 1
83 42 1 76 46 1
96 17 1 77 55 1
25 31 1 53 5 1
35 5 1 22 1 1