22 33 1 70 92 1
37 10 1 46 6 1
53 93 1 46 77 1
52 33 1 76 76 1
4 7 1 42 85 1
23 67 1 27 59 1
94 25 1 57 23 1
76 28 1 64 43 1
96 98 1 48 22 1
94 94 1 45 12 1
54 67 1 44 50 1
88 80 1 98 4 1
82 34 1 71 42 1
65 31 1 53 23 1
31 15 1 31 31 1
47 88 1 35 54 1
39 9 1 7 2 1
60 48 1 81 93 1
32 41 1 39 45 1
22 89 1 3 70 1
12 56 1 11 34 1
24 70 1 34 77 1
90 84 1 93 78 1
40 19 1 41 45 1
13 30 1 8 37 1
41 84 1 38 96 1
5 11 1 25 56 1
44 95 1 73 93 1
37 32 1 38 21 1
19 98 1 2 92 1
92 45 1 88 46 1
26 91 1 3 41 1
5 74 1 14 86 1
22 79 1 17 42 1
77 51 1 85 70 1
24 99 1 76 98 1