45 22 1 73 80 1
41 83 1 25 57 1
47 48 1 40 72 1
75 5 1 98 92 1
41 100 1 45 85 1
98 93 1 44 20 1
27 3 1 52 38 1
68 22 1 49 25 1
54 45 1 7 29 1
44 37 1 22 26 1
51 40 1 18 21 1
38 97 1 15 82 1
20 15 1 15 25 1
79 22 1 42 4 1
62 99 1 86 83 1
93 96 1 83 74 1
19 52 1 42 91 1
2 37 1 5 84 1
86 13 1 100 41 1
9 96 1 7 81 1
9 79 1 7 33 1
44 38 1 4 21 1
35 71 1 39 46 1
88 70 1 83 61 1
100 10 1 95 19 1
72 66 1 74 87 1
37 1 1 50 15 1
84 57 1 91 76 1
49 55 1 63 69 1
18 56 1 24 79 1
72 86 1 67 86 1
13 60 1 13 71 1
31 42 1 20 35 1
94 1 1 96 9 1
14 56 1 21 76 1
6 3 1 51 38 1
31 14 1 34 24 1