8 24 1 57 65 1
64 25 1 45 5 1
3 75 1 89 83 1
75 45 1 96 93 1
93 45 1 98 99 1
55 63 1 68 75 1
45 15 1 41 12 1
37 23 1 59 20 1
69 56 1 8 8 1
3 51 1 24 64 1
100 34 1 73 27 1
28 89 1 46 92 1
10 54 1 71 80 1
32 87 1 72 87 1
72 4 1 96 3 1
8 47 1 24 44 1
61 9 1 74 25 1
51 77 1 55 77 1
28 94 1 44 94 1
95 75 1 89 69 1
18 15 1 49 33 1
72 42 1 78 57 1
4 17 1 67 67 1
81 85 1 3 83 1
98 40 1 48 28 1
41 56 1 46 59 1
37 52 1 3 48 1
63 28 1 89 22 1
87 86 1 43 100 1
58 33 1 60 46 1
68 42 1 88 76 1
32 89 1 8 88 1
89 82 1 80 79 1
70 56 1 73 61 1
79 99 1 87 90 1
36 1 1 45 8 1
75 18 1 87 9 1
96 15 1 93 27 1