5 90 1 41 57 1
99 10 1 5 83 1
88 22 1 97 85 1
77 61 1 1 94 1
58 20 1 66 27 1
81 96 1 66 70 1
45 35 1 1 25 1
5 71 1 34 35 1
7 25 1 44 8 1
74 57 1 68 53 1
64 12 1 78 16 1
67 47 1 65 40 1
83 24 1 98 99 1
25 23 1 52 25 1
85 31 1 92 53 1
16 91 1 68 91 1
59 10 1 98 4 1
78 97 1 74 95 1
35 70 1 60 53 1
75 59 1 22 81 1
13 23 1 31 22 1
63 5 1 43 14 1
14 62 1 19 55 1
11 88 1 60 46 1
12 5 1 13 9 1
2 40 1 1 78 1
40 42 1 44 35 1
37 83 1 49 86 1
76 54 1 81 40 1
65 30 1 63 30 1
47 31 1 25 28 1
1 89 1 7 42 1
14 54 1 8 44 1
30 55 1 88 14 1
88 73 1 84 36 1
46 23 1 44 17 1
100 100 1 60 98 1
71 45 1 46 64 1
14 78 1 19 76 1