39 47 1 20 78 1
37 26 1 55 11 1
95 17 1 41 73 1
14 35 1 6 45 1
60 26 1 63 50 1
14 24 1 24 62 1
20 85 1 62 88 1
56 19 1 9 86 1
15 18 1 35 27 1
44 4 1 52 12 1
9 94 1 5 55 1
53 51 1 43 51 1
89 79 1 61 79 1
90 43 1 34 82 1
97 88 1 23 93 1
46 33 1 22 67 1
86 63 1 54 82 1
57 7 1 87 9 1
48 45 1 60 34 1
100 17 1 79 39 1
20 52 1 18 44 1
79 24 1 63 25 1
22 59 1 3 45 1
32 79 1 57 46 1
10 23 1 46 31 1
48 44 1 63 15 1
29 85 1 83 47 1
100 80 1 96 33 1
43 32 1 27 37 1
7 6 1 69 2 1
45 37 1 35 65 1
53 93 1 97 100 1
51 67 1 80 48 1
60 1 1 2 4 1
96 6 1 97 11 1
63 72 1 79 61 1
76 23 1 65 18 1
95 72 1 87 50 1
13 75 1 20 68 1
71 86 1 74 82 1