17 67 1 52 28 1
33 55 1 63 57 1
85 31 1 72 10 1
39 63 1 64 88 1
6 15 1 14 71 1
22 47 1 11 49 1
31 35 1 60 18 1
89 99 1 8 95 1
69 95 1 89 93 1
67 55 1 95 65 1
29 27 1 31 41 1
83 10 1 92 42 1
5 99 1 3 66 1
73 44 1 69 6 1
61 88 1 5 71 1
49 46 1 84 44 1
92 45 1 98 10 1
34 7 1 87 5 1
4 71 1 50 96 1
34 18 1 25 6 1
91 65 1 70 89 1
43 54 1 50 44 1
53 76 1 52 75 1
61 34 1 64 43 1
67 26 1 67 31 1
66 85 1 61 96 1
9 78 1 20 94 1
66 35 1 71 40 1
82 80 1 96 86 1
64 79 1 65 81 1
96 14 1 88 9 1
97 60 1 81 56 1
69 57 1 88 65 1
29 8 1 46 1 1
100 91 1 99 10 1
85 24 1 73 9 1
14 81 1 35 95 1
28 45 1 18 58 1
22 34 1 16 28 1
71 77 1 74 83 1
65 11 1 46 20 1