98 25 1 96 52 1
90 98 1 90 43 1
5 18 1 58 99 1
32 18 1 56 46 1
14 4 1 72 97 1
87 86 1 41 37 1
29 28 1 49 40 1
32 65 1 11 48 1
71 14 1 67 25 1
1 36 1 44 88 1
55 44 1 86 40 1
11 54 1 15 82 1
66 28 1 40 1 1
88 10 1 56 43 1
9 7 1 25 47 1
87 52 1 74 69 1
14 58 1 26 73 1
46 21 1 43 25 1
6 44 1 6 81 1
31 96 1 23 95 1
41 22 1 43 26 1
52 27 1 57 22 1
47 78 1 64 93 1
38 37 1 54 60 1
75 66 1 72 60 1
88 91 1 83 60 1
70 62 1 71 44 1
44 68 1 37 46 1
95 4 1 84 30 1
80 87 1 68 84 1
99 88 1 98 36 1
78 9 1 67 3 1
27 93 1 35 89 1
94 32 1 86 32 1
84 84 1 77 92 1
21 89 1 32 78 1
55 95 1 3 99 1
20 96 1 30 84 1
53 2 1 73 7 1
99 4 1 86 1 1
15 72 1 23 80 1
38 6 1 30 15 1