71 16 1 58 58 1
37 71 1 6 80 1
57 30 1 44 60 1
100 46 1 33 77 1
69 4 1 32 32 1
22 49 1 25 33 1
98 20 1 79 10 1
68 53 1 97 46 1
79 92 1 63 93 1
55 30 1 70 15 1
47 57 1 60 31 1
10 27 1 4 16 1
34 34 1 23 74 1
100 52 1 47 73 1
30 92 1 59 82 1
88 39 1 86 18 1
8 92 1 78 46 1
98 60 1 77 90 1
53 23 1 28 62 1
89 64 1 84 62 1
24 3 1 36 9 1
21 56 1 23 75 1
11 32 1 9 58 1
42 59 1 25 69 1
68 29 1 69 39 1
52 75 1 74 74 1
28 9 1 13 8 1
9 49 1 2 99 1
41 2 1 40 23 1
45 97 1 41 97 1
70 86 1 40 100 1
46 89 1 59 91 1
79 12 1 79 50 1
12 79 1 30 75 1
22 70 1 10 65 1
22 94 1 19 86 1
7 8 1 18 13 1
8 67 1 7 67 1
27 11 1 32 24 1
5 32 1 3 7 1
16 47 1 18 21 1
63 33 1 59 45 1
31 38 1 28 27 1