23 79 1 8 12 1
93 96 1 42 26 1
18 94 1 50 46 1
66 21 1 27 9 1
39 17 1 52 21 1
77 11 1 82 50 1
46 69 1 53 79 1
68 85 1 2 99 1
56 49 1 74 100 1
84 57 1 49 32 1
34 68 1 32 68 1
81 54 1 62 35 1
93 1 1 100 23 1
73 65 1 98 87 1
35 53 1 19 14 1
3 46 1 18 65 1
90 69 1 59 41 1
8 11 1 35 64 1
90 41 1 89 55 1
59 87 1 46 96 1
26 4 1 78 8 1
80 66 1 78 67 1
10 1 1 25 42 1
77 2 1 87 13 1
69 71 1 80 91 1
60 72 1 54 68 1
10 3 1 1 36 1
79 42 1 70 22 1
25 5 1 65 19 1
37 41 1 21 8 1
95 10 1 91 23 1
33 81 1 54 87 1
53 54 1 52 61 1
18 80 1 19 62 1
91 55 1 96 17 1
18 34 1 30 59 1
54 3 1 76 2 1
92 46 1 90 21 1
88 21 1 87 11 1
70 88 1 62 62 1
64 78 1 63 76 1
24 84 1 20 51 1
48 64 1 22 92 1
43 20 1 37 31 1