32 78 1 67 95 1
69 81 1 73 12 1
2 83 1 9 29 1
19 42 1 32 55 1
74 67 1 78 54 1
38 58 1 10 72 1
46 57 1 32 12 1
36 95 1 93 98 1
36 44 1 31 38 1
97 24 1 95 69 1
2 23 1 40 39 1
58 8 1 65 36 1
1 11 1 14 22 1
62 79 1 68 49 1
70 16 1 69 9 1
47 10 1 72 1 1
1 86 1 39 97 1
44 43 1 57 56 1
92 96 1 87 89 1
58 92 1 19 75 1
95 97 1 87 18 1
83 74 1 88 66 1
43 91 1 1 83 1
76 78 1 82 94 1
16 22 1 22 30 1
21 61 1 32 60 1
61 24 1 32 6 1
47 68 1 36 48 1
68 84 1 77 69 1
47 58 1 37 11 1
89 52 1 81 18 1
11 3 1 24 1 1
63 33 1 52 23 1
72 34 1 80 47 1
56 46 1 57 28 1
43 26 1 58 55 1
33 19 1 33 21 1
61 87 1 67 18 1
50 79 1 58 89 1
16 80 1 6 81 1
9 37 1 12 68 1
44 52 1 37 43 1
59 93 1 32 93 1
13 46 1 14 68 1
7 75 1 27 71 1