87 26 1 67 4 1
83 82 1 28 47 1
34 65 1 94 95 1
66 28 1 8 21 1
93 34 1 78 21 1
15 27 1 77 71 1
59 11 1 72 17 1
28 11 1 71 27 1
12 61 1 28 51 1
47 38 1 81 67 1
10 12 1 58 7 1
100 92 1 90 32 1
69 94 1 2 58 1
91 73 1 65 36 1
10 86 1 23 77 1
83 57 1 86 29 1
77 96 1 63 96 1
79 24 1 32 11 1
97 98 1 33 90 1
91 3 1 100 87 1
88 50 1 93 51 1
6 64 1 8 69 1
59 69 1 91 93 1
62 42 1 36 31 1
55 54 1 84 72 1
14 44 1 11 31 1
62 81 1 28 63 1
26 72 1 14 73 1
15 30 1 26 47 1
25 59 1 43 59 1
17 20 1 21 13 1
62 63 1 42 50 1
13 2 1 39 4 1
20 63 1 81 91 1
1 43 1 10 28 1
74 57 1 75 57 1
17 91 1 70 98 1
47 19 1 26 11 1
79 46 1 82 57 1
66 36 1 89 69 1
70 29 1 60 32 1
91 11 1 69 3 1
73 31 1 74 26 1
79 28 1 74 42 1
25 67 1 47 81 1
45 70 1 37 61 1