32 78 1 27 14 1
45 11 1 55 78 1
87 84 1 50 12 1
54 79 1 89 89 1
3 54 1 19 32 1
24 9 1 37 21 1
98 98 1 41 87 1
79 41 1 90 9 1
18 57 1 4 65 1
23 68 1 4 97 1
38 71 1 32 69 1
44 54 1 44 8 1
4 68 1 21 65 1
39 54 1 33 47 1
47 91 1 17 95 1
58 1 1 70 8 1
26 12 1 11 56 1
90 89 1 51 36 1
82 99 1 86 100 1
74 93 1 78 94 1
47 86 1 77 87 1
28 62 1 7 83 1
91 76 1 96 40 1
63 2 1 71 5 1
83 76 1 61 26 1
41 96 1 17 97 1
52 99 1 87 96 1
17 34 1 16 19 1
8 41 1 5 2 1
39 58 1 49 84 1
19 47 1 15 46 1
34 87 1 22 93 1
54 58 1 47 24 1
23 42 1 24 39 1
92 63 1 83 65 1
72 47 1 81 60 1
43 51 1 43 10 1
79 36 1 83 8 1
11 78 1 17 69 1
11 73 1 1 81 1
53 16 1 84 7 1
18 46 1 24 33 1
11 6 1 37 11 1
38 51 1 38 18 1
80 5 1 94 5 1
31 68 1 23 86 1
97 67 1 95 72 1