72 89 1 7 55 1
74 86 1 41 48 1
15 74 1 8 59 1
3 35 1 2 39 1
47 54 1 93 47 1
92 21 1 97 10 1
66 5 1 34 48 1
91 10 1 82 24 1
27 47 1 33 24 1
31 78 1 64 92 1
100 99 1 62 87 1
99 30 1 98 3 1
4 97 1 71 95 1
46 89 1 21 90 1
22 34 1 11 40 1
33 29 1 51 24 1
41 86 1 12 79 1
23 29 1 10 36 1
8 39 1 8 23 1
31 27 1 10 17 1
69 23 1 59 26 1
93 90 1 78 53 1
21 55 1 23 50 1
25 16 1 9 3 1
90 28 1 75 37 1
53 65 1 33 56 1
90 47 1 92 47 1
84 84 1 65 57 1
64 18 1 86 5 1
13 43 1 15 42 1
9 69 1 1 69 1
3 25 1 5 3 1
99 11 1 99 27 1
60 32 1 52 33 1
92 22 1 86 43 1
71 2 1 48 11 1
85 60 1 100 61 1
6 45 1 33 49 1
31 81 1 16 76 1
87 44 1 89 42 1
59 13 1 38 22 1
48 31 1 88 11 1
15 91 1 4 74 1
92 84 1 96 83 1
23 52 1 35 63 1
24 98 1 89 96 1
57 81 1 34 57 1
41 70 1 13 54 1