19 37 1 28 14 1
16 5 1 8 15 1
62 57 1 75 91 1
84 15 1 68 59 1
73 99 1 39 15 1
63 89 1 15 95 1
39 44 1 26 74 1
20 94 1 14 19 1
2 68 1 10 41 1
86 75 1 96 37 1
23 10 1 4 17 1
85 72 1 73 52 1
18 28 1 22 74 1
4 49 1 3 13 1
81 94 1 67 64 1
80 18 1 52 22 1
46 3 1 56 5 1
37 20 1 23 46 1
13 39 1 2 81 1
53 87 1 32 64 1
85 10 1 97 31 1
16 86 1 1 83 1
92 4 1 50 15 1
27 5 1 25 5 1
4 3 1 4 7 1
100 98 1 95 100 1
42 76 1 26 82 1
21 94 1 21 66 1
50 77 1 40 22 1
77 89 1 39 3 1
3 99 1 34 98 1
38 22 1 35 10 1
30 75 1 31 67 1
96 43 1 87 92 1
19 93 1 11 66 1
37 90 1 60 88 1
35 3 1 44 20 1
71 23 1 70 53 1
85 100 1 37 100 1
47 52 1 59 70 1
30 80 1 31 79 1
53 91 1 68 92 1
46 70 1 43 39 1
99 79 1 97 17 1
59 57 1 71 90 1
61 19 1 62 16 1
44 8 1 57 32 1
51 93 1 57 99 1
60 38 1 69 45 1