82 64 1 45 57 1
19 46 1 19 45 1
8 51 1 46 8 1
45 14 1 89 29 1
28 86 1 100 96 1
42 67 1 33 57 1
99 62 1 71 85 1
49 63 1 32 43 1
10 97 1 38 69 1
79 58 1 71 39 1
51 14 1 44 4 1
85 18 1 99 56 1
93 25 1 95 45 1
46 90 1 22 89 1
91 64 1 54 48 1
60 31 1 95 55 1
3 48 1 17 89 1
75 7 1 72 3 1
50 3 1 26 5 1
41 18 1 20 54 1
74 18 1 87 12 1
9 53 1 25 40 1
58 27 1 85 31 1
42 82 1 26 85 1
30 12 1 10 13 1
42 21 1 73 36 1
63 37 1 49 47 1
60 76 1 6 56 1
86 92 1 86 74 1
3 19 1 12 39 1
70 16 1 91 11 1
39 58 1 26 50 1
41 61 1 61 69 1
18 53 1 41 16 1
98 57 1 91 56 1
94 49 1 75 35 1
12 31 1 12 34 1
100 49 1 94 18 1
52 73 1 79 66 1
47 48 1 53 28 1
35 94 1 71 96 1
86 37 1 87 40 1
46 78 1 29 82 1
6 94 1 10 80 1
81 100 1 88 99 1
11 19 1 32 13 1
16 6 1 70 2 1
11 29 1 19 28 1
84 47 1 68 36 1
41 73 1 25 84 1