16 88 1 53 97 1
94 36 1 98 9 1
52 57 1 44 23 1
91 45 1 55 6 1
66 39 1 60 12 1
10 29 1 11 57 1
25 40 1 47 11 1
3 86 1 80 52 1
10 86 1 89 87 1
29 4 1 41 5 1
88 99 1 28 96 1
63 25 1 78 48 1
38 58 1 4 13 1
93 82 1 53 86 1
9 73 1 15 48 1
60 46 1 60 22 1
25 37 1 8 10 1
85 73 1 49 85 1
1 63 1 6 65 1
31 41 1 45 57 1
93 43 1 91 76 1
96 13 1 93 46 1
80 87 1 93 98 1
50 93 1 63 97 1
8 73 1 5 69 1
56 4 1 26 39 1
55 39 1 47 23 1
86 21 1 58 7 1
30 24 1 13 4 1
50 86 1 41 85 1
1 25 1 11 29 1