88 80 1 72 39 1
82 87 1 31 87 1
99 9 1 51 24 1
98 84 1 97 32 1
49 45 1 34 52 1
82 75 1 54 73 1
75 10 1 63 15 1
54 37 1 27 92 1
9 19 1 12 39 1
69 54 1 73 43 1
15 12 1 40 11 1
13 44 1 80 18 1
44 8 1 79 6 1
31 42 1 91 28 1
1 9 1 47 29 1
47 58 1 72 55 1
31 32 1 32 33 1
42 65 1 38 77 1
47 62 1 56 77 1
35 15 1 17 15 1
25 59 1 6 88 1
11 65 1 15 54 1
73 65 1 77 69 1
81 99 1 57 100 1
26 42 1 26 50 1
60 88 1 7 100 1
74 35 1 90 71 1
88 9 1 95 10 1
28 76 1 28 49 1
76 65 1 57 62 1
83 53 1 94 73 1
45 33 1 72 30 1