41 63 1 72 24 1
98 58 1 91 65 1
96 37 1 40 71 1
17 79 1 28 95 1
40 22 1 80 9 1
5 40 1 43 85 1
38 32 1 41 69 1
17 44 1 4 3 1
14 68 1 9 75 1
63 16 1 47 37 1
75 91 1 80 81 1
91 15 1 75 15 1
27 59 1 17 17 1
36 23 1 37 61 1
72 83 1 73 95 1
56 58 1 69 45 1
24 44 1 24 4 1
91 45 1 48 87 1
16 55 1 14 80 1
56 65 1 43 76 1
74 91 1 75 98 1
55 31 1 70 23 1
32 13 1 27 20 1
29 57 1 34 22 1
83 79 1 77 89 1
54 80 1 59 61 1
79 94 1 92 95 1
73 72 1 60 97 1
78 38 1 97 11 1
83 17 1 59 29 1
95 42 1 51 65 1
94 3 1 82 6 1
56 69 1 40 95 1