7 32 1 55 61 1
17 41 1 77 84 1
4 68 1 11 66 1
31 60 1 50 89 1
94 74 1 73 81 1
6 4 1 97 49 1
49 57 1 79 67 1
92 44 1 50 24 1
93 64 1 56 45 1
80 50 1 77 55 1
47 30 1 100 54 1
88 65 1 97 66 1
2 2 1 44 50 1
95 28 1 71 18 1
41 9 1 43 19 1
27 86 1 32 80 1
64 6 1 93 15 1
38 26 1 58 46 1
38 83 1 20 92 1
12 63 1 10 43 1
10 74 1 9 80 1
13 98 1 31 59 1
83 69 1 69 57 1
33 17 1 36 10 1
10 82 1 19 84 1
26 36 1 19 30 1
55 4 1 60 20 1
92 95 1 15 48 1
56 51 1 48 45 1
62 3 1 99 8 1
64 87 1 21 97 1
8 32 1 17 28 1
49 34 1 81 46 1
50 28 1 28 19 1