73 8 1 36 91 1
57 65 1 88 74 1
57 25 1 53 22 1
5 17 1 3 61 1
14 82 1 57 10 1
89 2 1 47 2 1
3 86 1 26 90 1
85 21 1 94 37 1
36 82 1 33 80 1
51 65 1 73 34 1
86 77 1 65 89 1
8 62 1 49 16 1
31 18 1 65 5 1
53 63 1 95 7 1
22 51 1 42 35 1
35 31 1 8 17 1
54 19 1 57 18 1
95 61 1 58 62 1
51 37 1 47 61 1
34 55 1 48 38 1
90 75 1 98 83 1
54 4 1 33 1 1
3 75 1 17 22 1
36 34 1 38 38 1
2 81 1 35 46 1
26 42 1 23 49 1
96 60 1 97 66 1
15 40 1 16 39 1
82 78 1 49 69 1
93 62 1 64 63 1
73 88 1 76 95 1
90 99 1 96 99 1
50 95 1 43 87 1
2 79 1 10 64 1
1 73 1 3 20 1