96 53 1 47 3 1
63 49 1 60 93 1
18 81 1 6 11 1
1 34 1 10 55 1
74 85 1 81 42 1
13 18 1 79 44 1
14 24 1 78 46 1
21 28 1 44 100 1
65 65 1 71 96 1
86 79 1 80 61 1
27 54 1 12 29 1
48 73 1 40 41 1
77 52 1 59 46 1
91 40 1 98 31 1
53 88 1 53 49 1
7 74 1 10 68 1
23 95 1 33 92 1
52 95 1 26 37 1
13 4 1 82 40 1
4 90 1 6 50 1
69 76 1 72 62 1
42 100 1 22 59 1
20 95 1 8 28 1
42 22 1 54 30 1
67 22 1 88 31 1
2 96 1 19 98 1
22 43 1 10 22 1
69 6 1 82 4 1
57 35 1 24 19 1
2 44 1 2 62 1
100 95 1 96 87 1
37 33 1 31 31 1
40 3 1 41 13 1
98 87 1 88 49 1
48 77 1 39 55 1
40 90 1 12 40 1