94 90 1 68 10 1
60 84 1 67 30 1
60 38 1 61 46 1
52 39 1 53 79 1
98 26 1 96 78 1
98 11 1 99 7 1
39 7 1 13 87 1
8 98 1 1 83 1
10 97 1 48 50 1
23 3 1 72 6 1
90 96 1 18 89 1
61 83 1 67 89 1
49 9 1 19 80 1
6 33 1 11 75 1
75 42 1 64 78 1
44 82 1 41 60 1
80 15 1 100 97 1
22 52 1 26 40 1
49 40 1 32 58 1
57 18 1 55 92 1
51 6 1 52 35 1
65 48 1 71 46 1
21 26 1 4 3 1
85 60 1 81 38 1
15 25 1 16 64 1
87 40 1 88 35 1
54 23 1 53 86 1
68 67 1 80 95 1
100 96 1 99 69 1
54 12 1 82 3 1
52 52 1 52 52 1
43 26 1 47 25 1
28 29 1 17 58 1
91 12 1 77 11 1
44 52 1 35 62 1
86 74 1 85 77 1
4 83 1 6 17 1