78 34 1 74 97 1
62 8 1 34 79 1
3 80 1 44 42 1
98 40 1 100 10 1
50 98 1 64 31 1
10 49 1 20 37 1
27 98 1 46 82 1
91 53 1 100 59 1
81 14 1 96 89 1
48 15 1 2 14 1
52 13 1 2 77 1
36 79 1 29 90 1
92 1 1 84 5 1
48 58 1 63 28 1
94 84 1 79 61 1
87 93 1 95 87 1
52 68 1 68 18 1
28 29 1 33 27 1
25 93 1 63 4 1
61 48 1 55 75 1
20 34 1 43 17 1
3 16 1 38 19 1
79 57 1 78 100 1
7 4 1 50 10 1
99 8 1 97 5 1
77 14 1 72 99 1
11 29 1 11 45 1
63 93 1 75 15 1
49 16 1 20 44 1
28 45 1 23 51 1
73 12 1 64 79 1
46 62 1 46 72 1
19 48 1 19 44 1
36 88 1 62 19 1
85 11 1 83 20 1
21 72 1 5 89 1
2 76 1 39 26 1
62 79 1 67 37 1