93 90 1 72 49 1
64 46 1 65 71 1
14 28 1 71 21 1
56 5 1 64 17 1
24 61 1 26 53 1
83 77 1 35 75 1
80 29 1 39 50 1
17 1 1 28 23 1
22 6 1 34 10 1
67 99 1 27 88 1
21 48 1 44 58 1
43 5 1 32 16 1
8 40 1 59 75 1
91 22 1 54 49 1
25 73 1 43 68 1
2 64 1 27 64 1
20 70 1 20 66 1
15 36 1 36 35 1
12 83 1 30 64 1
97 14 1 57 20 1
80 99 1 38 82 1
44 19 1 43 8 1
94 85 1 94 18 1
58 87 1 71 94 1
12 24 1 7 35 1
27 25 1 44 6 1
65 28 1 56 36 1
81 53 1 87 35 1
42 82 1 46 76 1
33 85 1 23 82 1
65 27 1 31 51 1
48 26 1 42 34 1
98 76 1 97 85 1
96 13 1 38 21 1
93 27 1 80 61 1
15 93 1 11 82 1
16 26 1 11 10 1
1 83 1 4 96 1
68 48 1 74 62 1