10 92 1 24 35 1
70 23 1 72 80 1
70 21 1 68 63 1
91 93 1 98 57 1
60 23 1 40 2 1
65 13 1 67 54 1
24 30 1 67 68 1
79 30 1 78 14 1
79 92 1 73 36 1
43 86 1 25 62 1
89 31 1 86 64 1
14 11 1 58 55 1
80 28 1 85 15 1
45 48 1 14 19 1
73 24 1 77 39 1
86 52 1 78 33 1
98 49 1 86 15 1
99 61 1 99 8 1
51 36 1 36 16 1
43 53 1 46 82 1
38 97 1 22 99 1
38 46 1 35 69 1
88 68 1 88 58 1
31 2 1 20 7 1
44 15 1 41 19 1
46 45 1 26 30 1
75 48 1 84 49 1
76 97 1 80 97 1
25 55 1 11 89 1
52 23 1 56 25 1
61 57 1 63 26 1
56 41 1 60 44 1
28 30 1 31 30 1
90 95 1 97 86 1
1 11 1 52 58 1
68 68 1 47 50 1
17 8 1 9 7 1
42 90 1 57 73 1
57 100 1 69 86 1
27 11 1 40 7 1