65 14 1 68 30 1
10 43 1 34 63 1
82 72 1 77 77 1
31 35 1 54 21 1
95 59 1 73 24 1
57 4 1 47 66 1
42 23 1 36 19 1
66 48 1 33 97 1
1 36 1 4 100 1
62 14 1 64 41 1
69 61 1 70 3 1
37 95 1 50 89 1
63 95 1 67 71 1
14 98 1 45 65 1
82 93 1 65 95 1
17 5 1 52 19 1
38 22 1 35 24 1
50 31 1 30 37 1
87 86 1 97 96 1
31 4 1 50 7 1
68 73 1 77 80 1
37 26 1 16 46 1
33 84 1 39 73 1
75 51 1 86 63 1
75 38 1 74 41 1
12 72 1 15 89 1
8 58 1 14 58 1
67 52 1 53 98 1
6 98 1 97 99 1
5 71 1 16 67 1
24 65 1 13 51 1
2 29 1 31 30 1
9 33 1 8 39 1
19 90 1 24 78 1
74 2 1 96 36 1
78 82 1 91 75 1
3 21 1 33 22 1
72 21 1 69 69 1
7 87 1 15 94 1
63 93 1 61 74 1
52 87 1 44 88 1