48 78 1 9 88 1
36 50 1 94 23 1
9 4 1 2 42 1
14 36 1 3 56 1
37 78 1 31 53 1
77 45 1 45 85 1
53 25 1 71 17 1
77 15 1 26 6 1
62 94 1 89 83 1
47 3 1 88 16 1
39 22 1 28 29 1
12 46 1 25 1 1
28 67 1 31 75 1
54 1 1 98 1 1
70 48 1 44 74 1
21 70 1 37 28 1
79 66 1 72 73 1
47 95 1 78 46 1
35 25 1 8 64 1
41 57 1 72 39 1
84 83 1 98 76 1
58 89 1 95 57 1
10 60 1 23 11 1
87 32 1 45 95 1
12 76 1 22 72 1
28 80 1 30 76 1
32 83 1 30 92 1
36 84 1 44 81 1
30 38 1 7 74 1
62 84 1 97 44 1
69 28 1 82 20 1
73 26 1 94 16 1
83 53 1 96 28 1
30 17 1 24 30 1
27 96 1 28 92 1
95 2 1 83 6 1
29 88 1 26 93 1
67 86 1 93 72 1
34 48 1 50 29 1
57 54 1 66 50 1
44 56 1 77 41 1
23 8 1 7 65 1