29 55 1 63 100 1
81 27 1 15 42 1
20 4 1 32 16 1
44 43 1 79 89 1
16 53 1 14 68 1
22 56 1 38 77 1
29 24 1 2 2 1
67 25 1 36 9 1
97 36 1 46 3 1
95 95 1 90 85 1
10 54 1 8 95 1
59 23 1 37 35 1
41 64 1 38 57 1
54 84 1 32 54 1
90 35 1 98 40 1
82 58 1 66 62 1
72 84 1 56 81 1
90 95 1 64 84 1
23 49 1 5 51 1
34 11 1 37 13 1
35 43 1 79 36 1
44 92 1 28 91 1
39 25 1 30 18 1
16 35 1 2 32 1
26 58 1 59 99 1
16 39 1 27 31 1
91 60 1 57 51 1
23 8 1 30 17 1
42 5 1 57 11 1
27 96 1 20 83 1
88 43 1 58 47 1
39 50 1 17 48 1
23 58 1 20 57 1
88 90 1 97 63 1
83 36 1 84 37 1
78 64 1 80 62 1
1 99 1 16 97 1
17 80 1 31 77 1
95 62 1 75 66 1
2 69 1 1 57 1
24 32 1 6 39 1
65 92 1 66 86 1
95 60 1 55 50 1