12 76 1 44 31 1
47 9 1 91 12 1
33 77 1 84 70 1
16 47 1 50 4 1
81 73 1 88 95 1
24 61 1 30 72 1
5 21 1 33 22 1
53 34 1 96 56 1
53 16 1 16 49 1
69 24 1 67 17 1
74 34 1 92 37 1
56 54 1 38 48 1
38 66 1 80 49 1
18 66 1 18 52 1
23 88 1 71 72 1
29 22 1 5 37 1
28 82 1 28 75 1
58 55 1 47 43 1
46 99 1 1 93 1
44 84 1 54 84 1
15 36 1 16 36 1
10 80 1 8 87 1
76 23 1 54 30 1
6 79 1 5 68 1
90 25 1 98 57 1
70 48 1 69 47 1
7 30 1 14 27 1
69 5 1 100 12 1
62 91 1 70 100 1
14 90 1 23 87 1
1 49 1 2 14 1
77 48 1 67 46 1
89 56 1 97 79 1
11 69 1 2 42 1
10 71 1 15 86 1
66 85 1 74 87 1
86 19 1 89 27 1
71 30 1 86 35 1
81 56 1 93 89 1
79 58 1 74 67 1
45 54 1 28 65 1
71 12 1 43 37 1
49 2 1 99 9 1
36 15 1 10 13 1