34 22 1 35 66 1
15 94 1 65 44 1
52 83 1 79 92 1
15 6 1 10 75 1
50 60 1 52 73 1
99 98 1 63 64 1
56 48 1 68 5 1
32 31 1 11 83 1
57 75 1 60 78 1
34 95 1 24 90 1
59 11 1 39 44 1
50 78 1 34 83 1
10 81 1 17 21 1
29 92 1 55 81 1
72 18 1 94 82 1
92 34 1 88 62 1
25 75 1 14 93 1
40 41 1 42 20 1
1 9 1 8 78 1
81 62 1 58 54 1
64 78 1 84 86 1
42 33 1 49 23 1
79 4 1 99 46 1
3 8 1 24 2 1
49 9 1 33 1 1
90 18 1 91 11 1
55 99 1 20 93 1
22 19 1 30 14 1
93 92 1 73 39 1
86 50 1 76 25 1
73 37 1 37 64 1
99 66 1 97 90 1
40 55 1 52 32 1
34 29 1 20 81 1
36 1 1 87 3 1
4 8 1 23 3 1
45 62 1 39 63 1
69 91 1 43 92 1
21 23 1 27 43 1
44 1 1 87 1 1
32 1 1 36 15 1
61 6 1 59 9 1
13 60 1 16 62 1
70 9 1 80 24 1
10 15 1 5 23 1