3 16 1 36 20 1
69 43 1 86 48 1
8 30 1 94 76 1
44 61 1 14 53 1
59 20 1 99 4 1
42 23 1 16 2 1
89 40 1 36 37 1
73 6 1 83 5 1
20 79 1 68 72 1
21 21 1 62 36 1
4 62 1 29 91 1
36 84 1 39 85 1
99 77 1 98 33 1
26 74 1 2 37 1
67 85 1 57 81 1
28 86 1 80 96 1
82 9 1 68 7 1
4 77 1 22 87 1
29 36 1 44 41 1
96 58 1 65 51 1
32 56 1 6 35 1
23 67 1 69 67 1
17 42 1 8 32 1
10 19 1 28 35 1
36 83 1 46 86 1
76 28 1 72 31 1
87 78 1 71 89 1
90 55 1 55 44 1
45 64 1 45 50 1
48 24 1 68 17 1
89 61 1 100 89 1
26 85 1 87 97 1
42 19 1 64 4 1
96 10 1 93 47 1
10 57 1 16 59 1
63 3 1 97 4 1
52 8 1 46 8 1
53 19 1 59 13 1
74 59 1 76 58 1
75 5 1 52 2 1
51 26 1 75 24 1
42 80 1 65 76 1
18 77 1 42 73 1
13 97 1 40 89 1
73 16 1 61 24 1
28 41 1 25 40 1