100 24 1 25 17 1
16 57 1 6 46 1
92 40 1 20 56 1
34 91 1 7 52 1
49 82 1 56 83 1
15 34 1 13 53 1
45 50 1 23 21 1
49 65 1 83 56 1
61 48 1 60 52 1
25 71 1 46 74 1
66 98 1 88 63 1
81 70 1 44 68 1
8 5 1 71 1 1
34 36 1 18 24 1
23 100 1 19 78 1
74 85 1 48 70 1
38 46 1 18 39 1
41 100 1 60 85 1
55 21 1 39 42 1
62 26 1 100 36 1
68 2 1 97 22 1
85 50 1 97 94 1
13 8 1 2 48 1
45 90 1 55 88 1
61 55 1 38 65 1
42 41 1 71 34 1
8 70 1 10 58 1
55 76 1 36 66 1
39 59 1 14 61 1
78 98 1 67 97 1
42 17 1 58 8 1
69 16 1 54 19 1
20 78 1 9 68 1
82 85 1 89 81 1
68 19 1 68 20 1
42 56 1 31 57 1
34 74 1 65 84 1
94 64 1 98 47 1
5 83 1 1 94 1
70 25 1 98 24 1
78 48 1 86 48 1
65 5 1 26 15 1
42 49 1 29 46 1
60 83 1 62 99 1
45 28 1 38 30 1
21 69 1 31 75 1
22 42 1 21 51 1