72 2 1 46 95 1
59 4 1 30 25 1
13 76 1 36 22 1
67 77 1 97 32 1
15 80 1 52 58 1
83 10 1 79 49 1
62 94 1 93 60 1
60 77 1 61 87 1
36 47 1 21 65 1
79 89 1 91 90 1
11 12 1 2 10 1
23 90 1 44 99 1
90 83 1 98 59 1
43 3 1 8 30 1
91 56 1 84 54 1
79 20 1 64 55 1
78 4 1 89 13 1
73 3 1 69 38 1
91 65 1 92 75 1
2 29 1 15 51 1
70 92 1 68 97 1
20 31 1 41 12 1
59 78 1 53 91 1
90 100 1 95 73 1
43 59 1 50 42 1
56 92 1 48 100 1
38 27 1 50 31 1
82 6 1 97 10 1
62 6 1 55 50 1
43 47 1 37 58 1
13 81 1 50 36 1
40 43 1 32 38 1
15 60 1 11 76 1
66 44 1 63 40 1
51 90 1 72 43 1
8 92 1 36 96 1
9 44 1 8 71 1
57 7 1 56 17 1
55 57 1 50 34 1
1 29 1 1 35 1
25 76 1 39 88 1
98 34 1 96 58 1
46 76 1 32 70 1
88 62 1 99 57 1
92 25 1 90 14 1
21 40 1 14 41 1
32 34 1 36 35 1
93 32 1 83 18 1