47 58 1 90 2 1
16 53 1 48 89 1
48 15 1 29 35 1
48 1 1 20 37 1
85 63 1 82 27 1
81 9 1 45 9 1
93 97 1 60 72 1
81 85 1 60 42 1
11 87 1 7 9 1
55 27 1 36 33 1
76 34 1 99 3 1
57 95 1 68 96 1
53 95 1 27 38 1
11 19 1 20 1 1
77 12 1 51 34 1
89 48 1 87 58 1
11 65 1 16 42 1
13 33 1 20 34 1
58 88 1 67 80 1
96 35 1 92 65 1
10 98 1 20 85 1
54 20 1 59 17 1
40 83 1 33 73 1
81 54 1 71 33 1
16 25 1 32 8 1
21 78 1 15 85 1
83 85 1 78 78 1
66 53 1 90 76 1
25 89 1 21 82 1
50 91 1 41 72 1
53 65 1 50 68 1
100 1 1 95 61 1
56 100 1 44 54 1
51 75 1 55 76 1
14 97 1 38 92 1
45 12 1 34 27 1
4 39 1 1 20 1
89 21 1 93 16 1
6 50 1 5 64 1
45 5 1 61 2 1
99 12 1 84 49 1
98 57 1 95 63 1
92 71 1 85 55 1
40 33 1 38 61 1
65 19 1 41 29 1
54 82 1 62 78 1
87 91 1 98 83 1
47 14 1 25 37 1
59 59 1 50 55 1