100 31 1 16 55 1
13 3 1 1 58 1
47 71 1 79 85 1
81 48 1 88 73 1
13 96 1 95 94 1
76 26 1 76 15 1
25 22 1 62 12 1
100 100 1 92 84 1
32 78 1 52 51 1
97 17 1 92 4 1
35 31 1 67 11 1
70 44 1 7 57 1
79 69 1 80 84 1
80 38 1 65 42 1
86 37 1 98 79 1
33 10 1 17 15 1
33 54 1 32 66 1
39 93 1 29 72 1
21 61 1 8 73 1
34 9 1 34 16 1
74 56 1 68 79 1
36 92 1 2 89 1
41 89 1 57 76 1
89 9 1 92 29 1
86 61 1 96 78 1
55 4 1 76 4 1
69 90 1 64 79 1
52 33 1 14 42 1
10 46 1 15 9 1
73 34 1 64 23 1
93 67 1 91 68 1
39 51 1 37 58 1
62 22 1 42 31 1
78 6 1 9 1 1
74 47 1 52 64 1
50 60 1 42 74 1
61 84 1 56 80 1
18 79 1 33 68 1
53 37 1 80 33 1
94 60 1 98 35 1
60 18 1 79 14 1
44 73 1 34 81 1
48 38 1 90 33 1
1 72 1 1 74 1
10 2 1 73 7 1
70 61 1 64 55 1
95 92 1 55 89 1
82 43 1 70 74 1
44 82 1 45 72 1
4 78 1 21 75 1