50 29 1 22 28 1
54 40 1 91 47 1
4 67 1 93 99 1
47 18 1 2 4 1
3 63 1 58 64 1
53 12 1 49 62 1
73 28 1 95 15 1
51 72 1 97 66 1
14 10 1 18 13 1
5 41 1 44 52 1
79 16 1 84 16 1
50 40 1 45 30 1
95 35 1 91 33 1
20 35 1 46 47 1
4 61 1 23 51 1
46 22 1 14 19 1
98 14 1 57 16 1
37 69 1 85 91 1
46 16 1 59 5 1
52 25 1 83 19 1
51 90 1 55 100 1
54 61 1 69 56 1
1 56 1 4 21 1
38 66 1 94 65 1
55 15 1 95 12 1
24 66 1 75 64 1
81 8 1 87 3 1
21 92 1 25 82 1
91 49 1 87 57 1
65 53 1 80 45 1
9 27 1 45 45 1