100 34 1 12 4 1
93 83 1 49 87 1
80 54 1 6 18 1
60 51 1 18 82 1
11 27 1 32 31 1
91 64 1 12 28 1
20 64 1 44 43 1
65 57 1 75 76 1
64 98 1 4 100 1
77 43 1 82 40 1
96 11 1 12 2 1
64 78 1 99 76 1
11 95 1 66 54 1
96 96 1 20 91 1
28 72 1 20 73 1
96 61 1 85 38 1
7 18 1 42 29 1
14 14 1 2 12 1
29 16 1 13 5 1
5 40 1 6 78 1
93 59 1 90 67 1
15 73 1 29 59 1
87 35 1 71 41 1
14 39 1 6 36 1
67 31 1 67 44 1
66 64 1 63 57 1
51 74 1 61 68 1
90 15 1 96 17 1
45 70 1 33 89 1
27 24 1 21 22 1
99 31 1 32 7 1
88 10 1 48 2 1