10 11 1 27 14 1
14 71 1 32 2 1
29 98 1 80 29 1
91 41 1 70 51 1
38 30 1 61 36 1
39 8 1 8 94 1
93 6 1 8 99 1
15 96 1 18 97 1
38 47 1 59 41 1
86 90 1 97 46 1
65 92 1 87 44 1
57 12 1 61 11 1
50 87 1 74 100 1
82 97 1 82 99 1
82 60 1 80 95 1
79 60 1 84 49 1
63 9 1 68 2 1
62 8 1 68 19 1
86 21 1 66 48 1
52 52 1 8 100 1
90 25 1 98 37 1
43 12 1 43 18 1
3 56 1 6 19 1
29 37 1 23 72 1
10 16 1 8 83 1
13 41 1 14 75 1
15 37 1 17 40 1
64 2 1 96 1 1
86 69 1 81 89 1
76 61 1 35 95 1
21 99 1 30 96 1
67 76 1 74 72 1
20 99 1 70 37 1