36 40 1 8 71 1
10 92 1 67 54 1
50 12 1 34 26 1
56 71 1 74 95 1
31 73 1 95 5 1
25 8 1 60 13 1
94 21 1 83 30 1
88 35 1 51 73 1
2 98 1 64 98 1
91 30 1 88 65 1
2 20 1 36 1 1
66 97 1 45 83 1
33 20 1 32 14 1
64 34 1 2 91 1
18 16 1 34 27 1
23 60 1 78 2 1
13 59 1 21 31 1
38 84 1 75 47 1
66 75 1 56 69 1
71 17 1 35 50 1
15 97 1 42 77 1
22 66 1 11 80 1
67 73 1 74 62 1
76 6 1 62 21 1
13 25 1 18 21 1
17 86 1 65 48 1
93 39 1 96 58 1
84 79 1 96 88 1
42 67 1 54 58 1
40 58 1 30 72 1
96 16 1 99 41 1
74 24 1 58 41 1
50 17 1 42 28 1
11 19 1 4 81 1