13 2 1 53 22 1
82 92 1 74 37 1
73 5 1 51 2 1
7 28 1 32 77 1
31 18 1 50 65 1
62 80 1 47 45 1
49 70 1 21 32 1
27 79 1 37 76 1
88 27 1 34 5 1
86 42 1 26 4 1
34 28 1 14 3 1
17 73 1 3 39 1
79 22 1 42 3 1
74 15 1 83 14 1
81 19 1 92 28 1
52 95 1 11 24 1
2 73 1 8 93 1
20 31 1 44 69 1
8 19 1 46 82 1
9 24 1 54 99 1
25 72 1 15 76 1
71 86 1 69 89 1
20 58 1 20 56 1
80 63 1 100 96 1
2 5 1 10 19 1
83 34 1 88 33 1
44 27 1 76 87 1
20 61 1 2 24 1
91 39 1 100 57 1
84 64 1 80 46 1
29 94 1 34 79 1
10 26 1 42 80 1
15 4 1 59 30 1
67 67 1 79 76 1
93 39 1 98 28 1