65 13 1 57 96 1
33 82 1 3 95 1
43 41 1 14 27 1
75 52 1 87 20 1
66 77 1 68 15 1
60 43 1 6 42 1
89 63 1 62 100 1
46 18 1 19 13 1
23 52 1 49 74 1
71 78 1 90 16 1
13 75 1 18 71 1
6 51 1 26 84 1
53 90 1 35 100 1
48 31 1 37 22 1
6 70 1 3 41 1
73 54 1 79 9 1
93 81 1 85 33 1
74 71 1 84 63 1
96 97 1 87 91 1
37 10 1 59 27 1
12 76 1 18 81 1
2 66 1 4 76 1
45 50 1 35 52 1
58 66 1 46 44 1
10 1 1 35 9 1
61 9 1 60 32 1
53 39 1 3 8 1
5 19 1 2 17 1
21 17 1 43 21 1
36 52 1 44 51 1
97 31 1 89 46 1
77 19 1 68 40 1
92 2 1 25 4 1
28 96 1 26 89 1
86 63 1 62 89 1
15 24 1 2 18 1