48 73 1 71 36 1
26 78 1 34 81 1
77 73 1 36 96 1
41 20 1 42 16 1
8 54 1 44 68 1
11 96 1 63 66 1
2 40 1 63 14 1
29 90 1 92 64 1
69 17 1 47 48 1
17 99 1 22 99 1
8 51 1 4 52 1
28 9 1 49 14 1
89 1 1 98 45 1
60 60 1 69 70 1
34 47 1 18 40 1
27 6 1 37 10 1
82 95 1 100 73 1
25 36 1 50 63 1
20 14 1 28 25 1
87 4 1 95 74 1
44 51 1 55 56 1
35 67 1 1 69 1
70 39 1 81 26 1
82 36 1 83 46 1
55 90 1 90 80 1
22 34 1 52 27 1
90 85 1 42 99 1
63 59 1 93 63 1
87 39 1 87 43 1
64 6 1 42 5 1
41 92 1 5 97 1
71 19 1 83 6 1
86 7 1 87 12 1
70 30 1 49 47 1
87 2 1 41 2 1
21 49 1 3 47 1
71 7 1 69 10 1