95 24 1 89 22 1
78 53 1 62 27 1
32 32 1 19 37 1
16 47 1 13 28 1
19 63 1 82 93 1
70 64 1 33 14 1
87 93 1 30 44 1
90 98 1 45 11 1
72 85 1 22 37 1
21 89 1 9 40 1
30 3 1 28 10 1
25 72 1 59 89 1
79 7 1 79 58 1
61 9 1 61 8 1
94 43 1 100 4 1
29 7 1 50 45 1
29 97 1 1 13 1
94 86 1 86 63 1
73 24 1 59 15 1
67 62 1 78 77 1
76 78 1 56 63 1
34 5 1 60 7 1
66 84 1 13 47 1
84 57 1 93 49 1
67 20 1 78 1 1
7 50 1 10 80 1
11 6 1 41 41 1
57 27 1 90 84 1
68 70 1 48 39 1
60 31 1 43 7 1
19 8 1 37 33 1
1 73 1 6 87 1
23 59 1 71 87 1
20 21 1 6 3 1
97 60 1 85 18 1
30 1 1 72 67 1
93 96 1 55 27 1
35 99 1 93 99 1