25 1 1 18 71 1
24 78 1 26 35 1
37 71 1 72 57 1
85 11 1 57 54 1
34 86 1 96 83 1
74 37 1 100 77 1
5 85 1 16 59 1
81 16 1 16 87 1
41 75 1 1 96 1
45 10 1 32 33 1
17 4 1 11 31 1
41 80 1 71 58 1
43 49 1 56 6 1
84 61 1 66 47 1
10 31 1 6 55 1
89 67 1 79 66 1
24 22 1 28 40 1
69 62 1 72 71 1
26 22 1 49 4 1
28 46 1 27 71 1
90 11 1 82 26 1
33 87 1 70 88 1
38 35 1 28 44 1
14 87 1 21 35 1
3 96 1 64 99 1
82 46 1 100 37 1
37 29 1 46 38 1
86 19 1 100 6 1
32 83 1 52 82 1
95 71 1 79 68 1
75 26 1 36 66 1
13 48 1 20 18 1
17 90 1 80 95 1
70 24 1 56 21 1
11 28 1 11 18 1
79 88 1 88 88 1
70 76 1 72 82 1
62 14 1 56 8 1
56 24 1 57 27 1