43 69 1 2 48 1
24 73 1 30 63 1
60 91 1 90 39 1
88 22 1 21 40 1
86 70 1 92 34 1
57 55 1 25 97 1
72 36 1 21 100 1
98 45 1 95 71 1
99 1 1 81 81 1
66 24 1 43 25 1
7 43 1 23 22 1
93 50 1 89 97 1
96 12 1 77 55 1
98 31 1 97 20 1
81 84 1 74 94 1
72 64 1 88 27 1
70 47 1 40 79 1
97 8 1 78 39 1
70 35 1 44 37 1
93 93 1 98 56 1
76 21 1 48 4 1
23 36 1 28 25 1
23 85 1 25 80 1
39 85 1 27 95 1
77 35 1 81 33 1
15 80 1 5 73 1
12 66 1 24 68 1
37 14 1 8 20 1
30 9 1 41 11 1
70 37 1 4 45 1
60 49 1 57 46 1
46 3 1 70 8 1
95 94 1 96 88 1
48 9 1 36 35 1
74 95 1 62 92 1
40 60 1 45 56 1
5 37 1 5 11 1
49 84 1 50 96 1
35 41 1 55 38 1
99 96 1 99 63 1