85 27 1 27 3 1
66 26 1 6 28 1
4 75 1 24 76 1
47 74 1 7 35 1
42 42 1 92 71 1
88 47 1 83 55 1
24 61 1 59 89 1
38 64 1 83 94 1
20 23 1 14 22 1
72 67 1 35 59 1
99 5 1 95 5 1
5 27 1 2 71 1
11 100 1 49 95 1
11 3 1 54 16 1
81 66 1 73 85 1
6 55 1 18 66 1
69 95 1 8 69 1
71 3 1 80 15 1
40 37 1 93 34 1
72 49 1 64 40 1
34 54 1 37 35 1
92 45 1 95 85 1
98 96 1 98 100 1
95 57 1 99 73 1
9 89 1 44 92 1
60 48 1 69 52 1
23 11 1 19 6 1
93 82 1 95 98 1
63 16 1 60 12 1
99 48 1 87 8 1
82 85 1 81 71 1
1 81 1 9 39 1
73 25 1 43 10 1
59 87 1 26 56 1
63 25 1 9 17 1
46 41 1 62 38 1
19 11 1 6 3 1
30 76 1 19 65 1
78 95 1 53 78 1
21 41 1 13 33 1
76 57 1 84 43 1