40 15 1 58 11 1
12 11 1 32 53 1
10 91 1 96 14 1
98 13 1 90 11 1
4 4 1 84 1 1
86 57 1 50 91 1
80 15 1 43 51 1
17 74 1 51 30 1
72 18 1 59 25 1
47 7 1 58 2 1
79 58 1 82 43 1
75 44 1 76 49 1
57 64 1 71 50 1
8 69 1 1 76 1
7 66 1 2 43 1
63 22 1 53 15 1
37 21 1 40 16 1
98 41 1 97 32 1
25 58 1 4 91 1
88 37 1 89 98 1
27 90 1 59 59 1
8 45 1 6 43 1
28 9 1 45 6 1
24 69 1 82 25 1
88 84 1 83 74 1
45 76 1 50 69 1
78 58 1 63 62 1
100 4 1 92 68 1
80 68 1 76 89 1
13 19 1 8 11 1
4 50 1 5 42 1
62 79 1 7 100 1
13 67 1 6 28 1
27 25 1 35 33 1
18 7 1 45 33 1
77 8 1 45 7 1
1 100 1 5 79 1
88 40 1 76 32 1
81 2 1 80 23 1
9 86 1 40 48 1
51 13 1 57 22 1
19 43 1 20 51 1