60 91 1 10 89 1
16 42 1 13 38 1
36 1 1 50 76 1
14 27 1 5 64 1
69 36 1 56 81 1
40 29 1 15 67 1
66 93 1 85 22 1
36 80 1 37 87 1
69 76 1 75 49 1
52 39 1 97 5 1
36 91 1 62 100 1
87 92 1 92 71 1
1 13 1 26 26 1
67 77 1 75 35 1
56 80 1 54 80 1
27 51 1 40 78 1
16 5 1 23 6 1
87 78 1 90 19 1
76 92 1 80 52 1
28 27 1 3 73 1
69 94 1 76 56 1
37 72 1 23 87 1
63 37 1 49 85 1
94 5 1 64 1 1
98 97 1 99 24 1
2 44 1 6 44 1
48 95 1 64 95 1
48 68 1 34 60 1
23 37 1 36 26 1
13 73 1 33 74 1
15 63 1 14 53 1
40 10 1 76 15 1
69 99 1 55 82 1
13 14 1 39 26 1
87 9 1 89 5 1
24 17 1 1 6 1
97 95 1 92 20 1
32 34 1 28 43 1
53 85 1 52 83 1
48 19 1 48 29 1
16 70 1 23 55 1
81 64 1 84 74 1
74 71 1 75 95 1