34 75 1 34 25 1
82 69 1 19 77 1
12 3 1 53 38 1
1 62 1 15 75 1
59 49 1 51 28 1
14 1 1 93 51 1
83 66 1 51 46 1
18 65 1 25 37 1
50 99 1 41 78 1
95 6 1 47 1 1
78 73 1 96 89 1
28 2 1 32 9 1
14 12 1 16 46 1
13 49 1 8 64 1
92 71 1 84 68 1
93 81 1 87 73 1
87 42 1 100 36 1
81 19 1 50 17 1
72 89 1 62 92 1
56 7 1 63 17 1
82 67 1 46 68 1
80 91 1 57 83 1
6 46 1 14 11 1
72 73 1 59 75 1
18 49 1 17 67 1
71 29 1 92 23 1
43 30 1 40 54 1
24 73 1 33 45 1
53 25 1 79 34 1
75 64 1 79 65 1
27 42 1 12 86 1
39 28 1 5 3 1
56 57 1 37 57 1
74 96 1 52 91 1
84 69 1 77 45 1
21 23 1 31 40 1
21 73 1 23 69 1
26 96 1 35 93 1
24 82 1 29 80 1
64 81 1 78 76 1
88 26 1 81 28 1
82 39 1 97 29 1
34 21 1 52 27 1
57 79 1 95 94 1