4 8 1 12 51 1
69 63 1 16 59 1
24 20 1 26 8 1
76 74 1 80 30 1
4 7 1 3 73 1
49 70 1 45 100 1
57 77 1 78 77 1
72 33 1 7 20 1
87 18 1 52 21 1
77 13 1 44 13 1
54 34 1 64 41 1
66 46 1 97 10 1
69 18 1 35 12 1
84 96 1 100 59 1
67 97 1 55 92 1
26 83 1 7 51 1
58 56 1 19 26 1
77 100 1 73 100 1
74 69 1 59 40 1
89 72 1 90 29 1
47 84 1 14 84 1
58 55 1 38 40 1
47 82 1 19 60 1
87 99 1 75 90 1
87 77 1 50 72 1
53 87 1 84 86 1
6 4 1 79 5 1
5 59 1 11 95 1
98 13 1 97 53 1
95 5 1 5 2 1
2 70 1 1 39 1
74 54 1 78 51 1
97 17 1 91 48 1
34 87 1 18 98 1
11 56 1 40 55 1
92 69 1 93 42 1
65 21 1 61 30 1
14 29 1 31 55 1
69 92 1 81 97 1
64 61 1 15 56 1
16 30 1 18 25 1
21 45 1 15 38 1
25 36 1 32 48 1
70 39 1 62 38 1
65 30 1 72 24 1