27 67 1 59 35 1
16 8 1 51 11 1
76 63 1 41 97 1
82 12 1 25 15 1
58 58 1 49 60 1
79 92 1 83 72 1
84 19 1 97 33 1
59 3 1 49 6 1
25 93 1 94 44 1
13 35 1 11 62 1
77 30 1 46 24 1
4 88 1 30 99 1
73 90 1 82 71 1
31 34 1 2 27 1
40 56 1 63 34 1
73 42 1 55 70 1
95 72 1 91 81 1
24 87 1 15 75 1
12 46 1 8 83 1
6 40 1 5 48 1
64 18 1 80 26 1
31 70 1 70 40 1
34 43 1 11 64 1
4 5 1 46 32 1
2 18 1 25 28 1
64 36 1 84 32 1
95 37 1 81 45 1
31 99 1 33 100 1
53 3 1 27 6 1
69 37 1 79 45 1
48 86 1 46 80 1
56 65 1 37 76 1
54 8 1 76 12 1
76 48 1 81 52 1
13 44 1 16 31 1
35 37 1 43 37 1
60 39 1 41 57 1
70 76 1 67 90 1
9 66 1 3 44 1
55 55 1 33 69 1
97 5 1 99 92 1
87 67 1 88 73 1
43 35 1 34 37 1
43 5 1 58 11 1
26 59 1 20 77 1
42 35 1 4 22 1