79 82 1 36 84 1
49 98 1 86 82 1
21 96 1 50 100 1
87 30 1 92 47 1
40 75 1 22 5 1
41 48 1 79 34 1
17 35 1 17 7 1
85 63 1 91 69 1
73 49 1 95 12 1
12 12 1 9 68 1
72 20 1 44 10 1
26 27 1 29 82 1
32 97 1 11 79 1
4 49 1 5 50 1
90 100 1 84 65 1
50 39 1 45 46 1
18 71 1 26 76 1
100 62 1 98 34 1
66 48 1 59 66 1
66 57 1 68 41 1
57 18 1 36 27 1
50 37 1 39 34 1
37 38 1 45 78 1
28 2 1 39 8 1
46 7 1 79 1 1
96 26 1 95 65 1
12 84 1 8 92 1
14 77 1 27 86 1
12 64 1 13 72 1
15 69 1 14 38 1
36 46 1 39 70 1
97 4 1 65 60 1
90 49 1 60 69 1
68 75 1 78 71 1
19 57 1 16 44 1
99 32 1 99 20 1
33 54 1 35 58 1
87 37 1 90 46 1
4 58 1 10 19 1
65 46 1 51 72 1
23 87 1 52 95 1
1 25 1 2 83 1
44 96 1 41 96 1
20 67 1 20 49 1
3 85 1 3 15 1
47 83 1 64 68 1
90 16 1 59 38 1