49 65 1 63 55 1
1 52 1 23 97 1
67 42 1 44 4 1
92 49 1 44 94 1
81 40 1 22 56 1
66 52 1 50 56 1
13 89 1 6 78 1
7 46 1 56 25 1
68 13 1 70 21 1
26 76 1 5 58 1
99 30 1 97 66 1
17 68 1 36 57 1
90 10 1 87 23 1
61 15 1 88 39 1
64 96 1 71 72 1
58 2 1 12 3 1
1 20 1 56 24 1
15 71 1 37 93 1
87 14 1 49 5 1
98 17 1 92 76 1
9 25 1 6 56 1
42 92 1 31 79 1
87 95 1 93 89 1
21 6 1 40 12 1
89 47 1 81 57 1
33 30 1 13 37 1
78 70 1 73 78 1
90 39 1 88 35 1
43 33 1 28 38 1
75 79 1 95 80 1
62 35 1 55 30 1
32 25 1 31 25 1
87 19 1 80 21 1
51 72 1 44 62 1
26 46 1 58 40 1
100 82 1 100 36 1
78 40 1 81 37 1
73 87 1 77 87 1
31 49 1 8 58 1
40 52 1 50 81 1
55 47 1 50 43 1
34 86 1 21 75 1
8 11 1 19 6 1
27 25 1 10 28 1
80 48 1 87 44 1
82 47 1 59 75 1
99 98 1 98 87 1
68 88 1 75 72 1