62 36 1 30 49 1
95 36 1 15 4 1
73 75 1 49 69 1
4 38 1 29 56 1
14 42 1 16 11 1
15 59 1 53 56 1
92 41 1 98 33 1
88 33 1 39 10 1
18 79 1 10 90 1
96 74 1 78 40 1
8 75 1 3 45 1
33 70 1 47 61 1
38 47 1 76 58 1
4 4 1 68 27 1
30 50 1 20 26 1
93 15 1 90 21 1
88 91 1 79 53 1
41 62 1 30 60 1
39 46 1 64 50 1
30 88 1 79 98 1
21 84 1 25 85 1
88 5 1 27 7 1
95 100 1 43 96 1
32 59 1 21 60 1
29 16 1 57 27 1
100 61 1 98 26 1
20 80 1 11 65 1
47 28 1 24 31 1
95 86 1 87 97 1
11 8 1 26 12 1
77 97 1 20 86 1
74 53 1 79 42 1
85 21 1 62 18 1
97 65 1 79 33 1
58 28 1 36 43 1
96 9 1 56 11 1
2 91 1 55 95 1
43 33 1 48 28 1
90 20 1 83 14 1
53 61 1 51 68 1
33 19 1 21 11 1
23 83 1 65 84 1
72 9 1 43 7 1
38 71 1 40 82 1
7 49 1 21 69 1
60 3 1 18 1 1
46 72 1 44 81 1
52 92 1 87 92 1
50 56 1 37 57 1