32 93 1 23 1 1
50 77 1 59 91 1
67 83 1 62 34 1
26 13 1 47 55 1
87 47 1 97 86 1
49 94 1 36 53 1
47 42 1 97 8 1
12 57 1 16 65 1
12 53 1 26 34 1
85 15 1 37 15 1
32 48 1 29 33 1
74 27 1 98 60 1
52 32 1 69 17 1
19 90 1 6 72 1
70 98 1 76 78 1
52 24 1 63 19 1
76 47 1 91 85 1
27 20 1 42 79 1
8 13 1 3 100 1
66 94 1 50 70 1
98 98 1 82 55 1
51 60 1 45 35 1
50 62 1 44 44 1
30 57 1 32 60 1
23 15 1 14 16 1
15 65 1 22 97 1
80 16 1 43 17 1
24 4 1 96 5 1
90 28 1 100 51 1
36 74 1 33 60 1
79 49 1 93 73 1
79 65 1 78 92 1
60 72 1 57 60 1
37 75 1 28 41 1
13 92 1 18 94 1
78 82 1 75 34 1
77 72 1 69 98 1
96 64 1 100 71 1
46 62 1 52 88 1
36 21 1 27 12 1
53 44 1 55 74 1
82 7 1 33 8 1
92 20 1 98 42 1
74 80 1 68 80 1
53 40 1 69 100 1
99 52 1 83 35 1
79 14 1 79 10 1
65 45 1 68 96 1
54 17 1 48 22 1
26 15 1 48 66 1