1.457360e+03 6.925328e+01 1 1.430109e+03 7.252345e+01 1
1.456270e+03 8.451407e+01 1 1.398497e+03 9.323452e+01 1
1.482432e+03 1.041351e+02 1 1.371246e+03 1.204859e+02 1
1.526034e+03 1.106754e+02 1 1.013707e+03 2.175009e+02 1
1.545655e+03 1.248462e+02 1 9.581144e+02 2.436623e+02 1
1.563096e+03 1.368368e+02 1 9.461238e+02 2.611032e+02 1
1.546745e+03 1.586379e+02 1 9.897261e+02 2.687336e+02 1
1.528214e+03 1.782589e+02 1 1.019158e+03 2.796341e+02 1
1.511863e+03 2.011501e+02 1 1.078021e+03 2.839944e+02 1
1.496602e+03 2.207711e+02 1 1.108542e+03 2.894447e+02 1
1.480251e+03 2.403921e+02 1 1.158685e+03 2.970750e+02 1
1.453000e+03 2.654634e+02 1 1.208827e+03 3.101557e+02 1
1.419208e+03 2.861745e+02 1 1.262240e+03 3.134259e+02 1