6.670694e+02 4.464128e+02 1 3.215216e+02 4.638537e+02 1
6.648893e+02 4.605835e+02 1 3.040807e+02 4.791144e+02 1
6.681595e+02 4.736642e+02 1 2.877298e+02 4.921951e+02 1
6.703396e+02 4.878349e+02 1 2.724690e+02 5.052758e+02 1
6.746998e+02 5.041857e+02 1 2.550281e+02 5.194465e+02 1
6.768799e+02 5.183565e+02 1 2.473977e+02 5.303471e+02 1
6.812402e+02 5.336173e+02 1 2.343171e+02 5.477880e+02 1
6.845103e+02 5.499681e+02 1 2.234165e+02 5.597786e+02 1
6.910507e+02 5.674090e+02 1 2.081557e+02 5.772195e+02 1
6.910507e+02 5.804897e+02 1 1.972552e+02 5.957505e+02 1
6.845103e+02 5.957505e+02 1 1.863546e+02 6.153715e+02 1
5.253621e+02 6.142814e+02 1 1.732739e+02 6.284522e+02 1
4.959306e+02 6.317223e+02 1 1.656435e+02 6.458931e+02 1
4.697692e+02 6.513433e+02 1 1.569231e+02 6.611538e+02 1
4.643189e+02 6.687842e+02 1 1.525629e+02 6.775047e+02 1
4.621388e+02 6.873152e+02 1 1.438424e+02 6.982158e+02 1
4.610488e+02 7.025760e+02 1 1.318518e+02 7.112964e+02 1
4.523283e+02 7.123865e+02 1 1.242214e+02 7.211069e+02 1
4.446979e+02 7.341876e+02 1 1.078705e+02 7.330976e+02 1
4.392477e+02 7.494484e+02 1 9.369981e+01 7.483583e+02 1
4.370675e+02 7.701595e+02 1 7.516886e+01 7.592589e+02 1