5.210019e+02 9.105441e+01 1 5.663790e+01 3.581182e+02 1
5.329925e+02 1.019550e+02 1 5.663790e+01 3.679287e+02 1
5.406229e+02 1.106754e+02 1 6.099812e+01 3.777392e+02 1
5.482533e+02 1.248462e+02 1 6.426829e+01 3.930000e+02 1
5.537036e+02 1.313865e+02 1 6.971857e+01 4.039006e+02 1
5.613340e+02 1.390169e+02 1 7.189869e+01 4.191614e+02 1
5.689644e+02 1.531876e+02 1 2.833696e+02 3.123358e+02 1
5.733246e+02 1.673583e+02 1 3.117111e+02 3.177861e+02 1
5.820450e+02 1.826191e+02 1 3.531332e+02 3.188762e+02 1
5.918555e+02 2.000600e+02 1 3.901951e+02 3.177861e+02 1
5.918555e+02 2.131407e+02 1 4.185366e+02 3.188762e+02 1
5.962158e+02 2.305816e+02 1 4.534184e+02 3.188762e+02 1
5.962158e+02 2.425722e+02 1 4.817598e+02 3.156060e+02 1
6.027561e+02 2.545629e+02 1 5.068311e+02 3.145159e+02 1
6.049362e+02 2.687336e+02 1 5.384428e+02 3.123358e+02 1
6.125666e+02 2.796341e+02 1 5.689644e+02 3.123358e+02 1
6.212871e+02 2.916248e+02 1 5.907655e+02 3.101557e+02 1
2.550281e+02 3.265066e+02 1 8.061914e+01 4.289719e+02 1
2.201463e+02 3.646585e+02 1 8.715947e+01 4.409625e+02 1
1.863546e+02 3.995403e+02 1 9.369981e+01 4.518630e+02 1
1.525629e+02 4.333321e+02 1 1.002402e+02 4.627636e+02 1
6.670694e+02 4.464128e+02 1 3.215216e+02 4.638537e+02 1
6.648893e+02 4.605835e+02 1 3.040807e+02 4.791144e+02 1
6.681595e+02 4.736642e+02 1 2.877298e+02 4.921951e+02 1
6.703396e+02 4.878349e+02 1 2.724690e+02 5.052758e+02 1
6.746998e+02 5.041857e+02 1 2.550281e+02 5.194465e+02 1
6.768799e+02 5.183565e+02 1 2.473977e+02 5.303471e+02 1
6.812402e+02 5.336173e+02 1 2.343171e+02 5.477880e+02 1
6.845103e+02 5.499681e+02 1 2.234165e+02 5.597786e+02 1
6.910507e+02 5.674090e+02 1 2.081557e+02 5.772195e+02 1
6.910507e+02 5.804897e+02 1 1.972552e+02 5.957505e+02 1
6.845103e+02 5.957505e+02 1 1.863546e+02 6.153715e+02 1
5.253621e+02 6.142814e+02 1 1.732739e+02 6.284522e+02 1
4.959306e+02 6.317223e+02 1 1.656435e+02 6.458931e+02 1
4.697692e+02 6.513433e+02 1 1.569231e+02 6.611538e+02 1
4.643189e+02 6.687842e+02 1 1.525629e+02 6.775047e+02 1
4.621388e+02 6.873152e+02 1 1.438424e+02 6.982158e+02 1
4.610488e+02 7.025760e+02 1 1.318518e+02 7.112964e+02 1
4.523283e+02 7.123865e+02 1 1.242214e+02 7.211069e+02 1
4.446979e+02 7.341876e+02 1 1.078705e+02 7.330976e+02 1
4.392477e+02 7.494484e+02 1 9.369981e+01 7.483583e+02 1
4.370675e+02 7.701595e+02 1 7.516886e+01 7.592589e+02 1
1.457360e+03 6.925328e+01 1 1.430109e+03 7.252345e+01 1
1.456270e+03 8.451407e+01 1 1.398497e+03 9.323452e+01 1
1.482432e+03 1.041351e+02 1 1.371246e+03 1.204859e+02 1
1.526034e+03 1.106754e+02 1 1.013707e+03 2.175009e+02 1
1.545655e+03 1.248462e+02 1 9.581144e+02 2.436623e+02 1
1.563096e+03 1.368368e+02 1 9.461238e+02 2.611032e+02 1
1.546745e+03 1.586379e+02 1 9.897261e+02 2.687336e+02 1
1.528214e+03 1.782589e+02 1 1.019158e+03 2.796341e+02 1
1.511863e+03 2.011501e+02 1 1.078021e+03 2.839944e+02 1
1.496602e+03 2.207711e+02 1 1.108542e+03 2.894447e+02 1
1.480251e+03 2.403921e+02 1 1.158685e+03 2.970750e+02 1
1.453000e+03 2.654634e+02 1 1.208827e+03 3.101557e+02 1
1.419208e+03 2.861745e+02 1 1.262240e+03 3.134259e+02 1
1.514043e+03 4.071707e+02 1 1.656841e+03 6.513433e+02 1
1.494422e+03 4.137111e+02 1 1.651390e+03 6.698743e+02 1
1.478071e+03 4.202514e+02 1 1.644850e+03 6.775047e+02 1
1.467171e+03 4.278818e+02 1 1.635039e+03 6.829550e+02 1
1.454090e+03 4.376923e+02 1 1.624139e+03 6.927655e+02 1
1.439919e+03 4.420525e+02 1 1.612148e+03 7.025760e+02 1
1.426839e+03 4.507730e+02 1 1.599068e+03 7.102064e+02 1
1.409398e+03 4.660338e+02 1 1.584897e+03 7.123865e+02 1
1.389777e+03 4.714841e+02 1 1.577266e+03 7.265572e+02 1
1.363615e+03 4.703940e+02 1 1.566366e+03 7.320075e+02 1
1.345084e+03 4.714841e+02 1 1.554375e+03 7.472683e+02 1