1.514043e+03 4.071707e+02 1 1.656841e+03 6.513433e+02 1
1.494422e+03 4.137111e+02 1 1.651390e+03 6.698743e+02 1
1.478071e+03 4.202514e+02 1 1.644850e+03 6.775047e+02 1
1.467171e+03 4.278818e+02 1 1.635039e+03 6.829550e+02 1
1.454090e+03 4.376923e+02 1 1.624139e+03 6.927655e+02 1
1.439919e+03 4.420525e+02 1 1.612148e+03 7.025760e+02 1
1.426839e+03 4.507730e+02 1 1.599068e+03 7.102064e+02 1
1.409398e+03 4.660338e+02 1 1.584897e+03 7.123865e+02 1
1.389777e+03 4.714841e+02 1 1.577266e+03 7.265572e+02 1
1.363615e+03 4.703940e+02 1 1.566366e+03 7.320075e+02 1
1.345084e+03 4.714841e+02 1 1.554375e+03 7.472683e+02 1