5.210019e+02 9.105441e+01 1 5.663790e+01 3.581182e+02 1
5.329925e+02 1.019550e+02 1 5.663790e+01 3.679287e+02 1
5.406229e+02 1.106754e+02 1 6.099812e+01 3.777392e+02 1
5.482533e+02 1.248462e+02 1 6.426829e+01 3.930000e+02 1
5.537036e+02 1.313865e+02 1 6.971857e+01 4.039006e+02 1
5.613340e+02 1.390169e+02 1 7.189869e+01 4.191614e+02 1
5.689644e+02 1.531876e+02 1 2.833696e+02 3.123358e+02 1
5.733246e+02 1.673583e+02 1 3.117111e+02 3.177861e+02 1
5.820450e+02 1.826191e+02 1 3.531332e+02 3.188762e+02 1
5.918555e+02 2.000600e+02 1 3.901951e+02 3.177861e+02 1
5.918555e+02 2.131407e+02 1 4.185366e+02 3.188762e+02 1
5.962158e+02 2.305816e+02 1 4.534184e+02 3.188762e+02 1
5.962158e+02 2.425722e+02 1 4.817598e+02 3.156060e+02 1
6.027561e+02 2.545629e+02 1 5.068311e+02 3.145159e+02 1
6.049362e+02 2.687336e+02 1 5.384428e+02 3.123358e+02 1
6.125666e+02 2.796341e+02 1 5.689644e+02 3.123358e+02 1
6.212871e+02 2.916248e+02 1 5.907655e+02 3.101557e+02 1
2.550281e+02 3.265066e+02 1 8.061914e+01 4.289719e+02 1
2.201463e+02 3.646585e+02 1 8.715947e+01 4.409625e+02 1
1.863546e+02 3.995403e+02 1 9.369981e+01 4.518630e+02 1
1.525629e+02 4.333321e+02 1 1.002402e+02 4.627636e+02 1