3.621020e+02 1.746071e+02 1 3.314898e+02 1.401684e+02 0
3.414388e+02 1.929745e+02 1 3.100612e+02 1.600663e+02 0
3.200102e+02 2.113418e+02 1 2.909286e+02 1.791990e+02 0
3.024082e+02 2.297092e+02 1 2.710306e+02 2.006276e+02 0
2.825102e+02 2.480765e+02 1 2.534286e+02 2.159337e+02 0
2.641429e+02 2.656786e+02 1 2.350612e+02 2.350663e+02 0
4.661837e+02 3.230765e+02 1 8.205204e+02 5.904592e+01 0
4.983265e+02 3.475663e+02 1 8.205204e+02 5.904592e+01 0
5.006224e+02 3.896582e+02 1 8.434796e+02 8.889286e+01 0
4.746020e+02 3.674643e+02 1 5.036837e+02 4.394031e+02 0
4.462857e+02 3.452704e+02 1 4.746020e+02 4.531786e+02 0
4.195000e+02 3.223112e+02 1 4.455204e+02 4.692500e+02 0
3.980714e+02 3.008827e+02 1 4.164388e+02 4.883827e+02 0