2.664388e+02 2.687398e+02 1 2.350612e+02 2.365969e+02 0
2.848061e+02 2.511378e+02 1 2.541939e+02 2.189949e+02 0
3.054694e+02 2.335357e+02 1 2.717959e+02 2.013929e+02 0
3.207755e+02 2.144031e+02 1 2.909286e+02 1.814949e+02 0
3.422041e+02 1.952704e+02 1 3.108265e+02 1.608316e+02 0
3.643980e+02 1.761378e+02 1 3.299592e+02 1.409337e+02 0
4.669490e+02 3.230765e+02 1 8.205204e+02 6.057653e+01 0
4.990918e+02 3.483316e+02 1 8.457755e+02 8.965816e+01 0
5.013878e+02 3.911888e+02 1 5.036837e+02 4.401684e+02 0
4.746020e+02 3.697602e+02 1 4.761327e+02 4.531786e+02 0
4.455204e+02 3.437398e+02 1 4.447551e+02 4.715459e+02 0
4.202653e+02 3.223112e+02 1 4.149082e+02 4.899133e+02 0
3.973061e+02 3.008827e+02 1 3.888878e+02 5.044541e+02 0